Time,Signal,D021,D022,D023,D024,D025,D026,D027,D028,D029,D030,D031,D032,M001,M002,M003,M004,M005,M006,M007,M008,M009,M010,M011,M012,M013,M014,M015,M016,M017,M018,M019,M020,Bathing,Bed_Toilet_Transition,Eating,Enter_Home,Housekeeping,"Leave_Home,Meal_Preparation",Other_Activity,Personal_Hygiene,Relax,Sleeping_Not_in_Bed,Sleeping_in_Bed,Take_Medicine,Work
-0.0402398556470871,-0.014555477537214756,-0.02120155841112137,0.008794013410806656,0.010944412089884281,0.005189982708543539,-0.031619828194379807,0.011741592548787594,-0.028043799102306366,0.002697891555726528,-0.03175467252731323,-0.012267909944057465,-0.01849164254963398,0.03169683367013931,0.008896716870367527,-0.016679368913173676,-0.023174947127699852,-0.008007656782865524,-0.021420978009700775,-0.06751842796802521,-0.001059680711477995,-0.009049532935023308,0.03065158799290657,-0.03908058628439903,-0.02097454108297825,-0.004658488091081381,-0.016534756869077682,-0.004853149875998497,-0.031966496258974075,-0.022054310888051987,-0.04444985091686249,0.04930361732840538
-0.04769585654139519,-0.05315595492720604,-0.08738744258880615,-0.013597061857581139,-0.05330948159098625,-0.010724695399403572,-0.018024533987045288,-0.051106978207826614,-0.029163282364606857,-0.0504695288836956,-0.048736266791820526,-0.04327482357621193,-0.02668708562850952,-0.008871044963598251,-0.04056989401578903,-0.05759190022945404,-0.03602102771401405,-0.03006933256983757,-0.040026187896728516,-0.07859108597040176,-0.0673321858048439,-0.04776841029524803,-0.04236069321632385,-0.03988983854651451,-0.030401553958654404,-0.0848669484257698,-0.04346942529082298,-0.0851641297340393,-0.015407806262373924,-0.07063518464565277,-0.03897050395607948,-0.019884228706359863
-0.022121837362647057,-0.018070416525006294,-0.10061995685100555,-0.016984347254037857,-0.0018108026124536991,-0.007689428515732288,-0.024973217397928238,-0.046564094722270966,-0.05489853769540787,-0.02906440757215023,-0.05408221110701561,-0.039644818753004074,-0.02141074649989605,-0.007026533596217632,-0.013392685912549496,-0.014165732078254223,0.01392738800495863,-0.028003083541989326,-0.04016580805182457,-0.05796205252408981,-0.016105784103274345,-0.015044145286083221,-0.04897841438651085,-0.055549025535583496,-0.03887768089771271,-0.06297173351049423,-0.03782806172966957,-0.052417829632759094,-0.005649325903505087,-0.060113128274679184,-0.0428643599152565,-0.004222950432449579
-0.05331813171505928,-0.03410208225250244,-0.021495044231414795,-0.09274838864803314,-0.02923518978059292,-0.019172364845871925,-0.03430337831377983,-0.034480512142181396,-0.03440083563327789,-0.00581501517444849,-0.007897167466580868,-0.058212894946336746,-0.021235927939414978,-0.09481807053089142,-0.09285512566566467,-0.027559801936149597,-0.03758775442838669,-0.018607910722494125,-0.05032317712903023,0.054899707436561584,-0.0498170405626297,-0.05679215490818024,-0.08809272944927216,-0.03810705244541168,-0.04316158965229988,-0.05036604776978493,-0.07536927610635757,-0.036634787917137146,-0.022246811538934708,-0.0500323548913002,-0.02608247846364975,-0.01240824069827795
0.06404227018356323,-0.03214167803525925,0.07363814860582352,-0.04562024772167206,0.10538705438375473,0.03374417498707771,0.07116374373435974,0.06027992069721222,0.0354703813791275,0.02640707790851593,0.03467053547501564,-0.04646671935915947,0.020659800618886948,0.018181603401899338,-0.0027886908501386642,-0.007515939883887768,0.08263692259788513,0.01191488653421402,0.059037283062934875,0.10717456787824631,0.039688583463430405,0.01820216327905655,0.02832728996872902,0.034234579652547836,-0.015989741310477257,0.013753912411630154,0.1011446937918663,-0.010854523628950119,-0.01993579789996147,-0.004289357922971249,-0.00043286188156343997,0.03605622798204422
-0.04239583760499954,-0.0467744842171669,-0.07115235924720764,-0.07204550504684448,-0.027120066806674004,-0.03988858684897423,-0.07799488306045532,-0.018938658758997917,-0.01901598647236824,-0.04178357124328613,-0.0013952022418379784,-0.0550079271197319,-0.047692958265542984,-0.045364778488874435,-0.07510576397180557,-0.06038510799407959,0.004246433265507221,-0.00990201998502016,-0.025524912402033806,0.0214069876819849,-0.0032499688677489758,-0.039372481405735016,-0.04649966582655907,-0.07318925112485886,-0.036185622215270996,-0.0026902637910097837,-0.026144934818148613,-0.06673088669776917,-0.0772084966301918,-0.04303473234176636,-0.07359621673822403,-0.05723123252391815
0.0062193251214921474,-0.04281078279018402,-0.06971155107021332,-0.046329889446496964,0.015143690630793571,-0.028765061870217323,-0.02948298491537571,-0.006740275304764509,-0.010357889346778393,-0.019549360498785973,0.0445035845041275,-0.0357542559504509,-0.038057468831539154,-0.05480177700519562,-0.025573907420039177,-0.0673883855342865,-0.011770091950893402,-0.04370855912566185,-0.030876917764544487,0.006618238985538483,-0.0034698261879384518,-0.029820144176483154,-0.003452027216553688,-0.07171750068664551,-0.014719889499247074,0.008021133951842785,0.05248936638236046,-0.05164210870862007,-0.026416370645165443,-0.09457725286483765,-0.06332692503929138,-0.04506239295005798
-0.05099444463849068,-0.060263246297836304,-0.07735670357942581,-0.01568925380706787,-0.06886865198612213,-0.030357811599969864,-0.05233461782336235,-0.07662761956453323,-0.04608243331313133,-0.06077020242810249,-0.03362245112657547,-0.047440800815820694,-0.027660828083753586,-0.0466390959918499,-0.0444217249751091,-0.029875190928578377,-0.02327302098274231,0.004240155685693026,-0.06006746366620064,-0.04093952104449272,-0.06647349148988724,-0.04281133413314819,-0.02741328813135624,-0.056559912860393524,-0.04038109630346298,-0.07022585719823837,-0.0640978068113327,-0.06383838504552841,-0.025140199810266495,-0.04750274866819382,-0.04177064821124077,-0.02008610963821411
0.010178128257393837,0.04062654823064804,-0.02787352353334427,0.017601951956748962,0.05985512584447861,0.07946059107780457,0.014890401624143124,-0.0031918471213430166,0.04470580443739891,0.05480615049600601,0.03641913831233978,0.06489744782447815,0.04516857862472534,0.0011862891260534525,-0.03355427831411362,0.0015383199788630009,0.05033382773399353,-0.019020024687051773,0.004669736139476299,-0.03965877741575241,-0.004266949370503426,0.028073875233530998,0.049172136932611465,0.03667760640382767,0.00028234347701072693,-0.011702664196491241,0.0017341391649097204,0.0350768156349659,0.023971425369381905,-0.005856137257069349,0.007404943462461233,0.0824478417634964
-0.040728725492954254,-0.10494928807020187,-0.09633763879537582,0.011671238578855991,-0.03933655843138695,0.010032625868916512,-0.10353927314281464,-0.023800380527973175,-0.0070964619517326355,-0.07312332838773727,-0.013722691684961319,-0.07220311462879181,0.009984508156776428,-0.05096049606800079,-0.08184202760457993,-0.051479876041412354,-0.08753146231174469,-0.0662718117237091,-0.0571177713572979,-0.08843914419412613,-0.052827294915914536,-0.040853992104530334,-0.06842786818742752,-0.14224150776863098,-0.02064419910311699,-0.040399324148893356,-0.09013914316892624,-0.07460331171751022,-0.07780049741268158,-0.09090012311935425,-0.016961246728897095,-0.03363053873181343
-0.031154340133070946,-0.02687910571694374,-0.07451006770133972,-0.04246952757239342,0.012877346947789192,0.01950051262974739,-0.042277250438928604,-0.0374443382024765,0.006862271577119827,-0.07323144376277924,-0.005448327865451574,-0.044375427067279816,0.019600408151745796,-0.0007558835204690695,-0.04462595656514168,-0.0649469867348671,-0.029814139008522034,-0.08214958757162094,-0.0439533069729805,-0.05325443670153618,-0.05682161822915077,-0.03580653294920921,-0.05925010144710541,-0.04533644765615463,-0.04118961840867996,-0.04484090954065323,-0.03919021040201187,-0.08789974451065063,-0.03758949413895607,-0.02882210537791252,0.007463437505066395,0.011099053546786308
-0.07998136430978775,-0.03135044500231743,-0.036057665944099426,-0.009759623557329178,-0.07868500053882599,-0.05566173046827316,-0.025497466325759888,-0.05586147680878639,-0.053694289177656174,-0.05703999102115631,-0.08356130868196487,-0.08111295849084854,-0.07316961884498596,-0.08904287964105606,-0.063607357442379,-0.0891832485795021,-0.048459798097610474,0.016325581818819046,-0.04513563588261604,-0.027451669797301292,-0.020393099635839462,-0.012084269896149635,-0.029132109135389328,-0.006058185826987028,-0.05226375162601471,-0.0273255854845047,-0.011548688635230064,-0.07768402993679047,-0.041997190564870834,-0.0857117772102356,-0.055676430463790894,-0.07162875682115555
0.08548305928707123,0.06461188942193985,-0.027982624247670174,0.0009085868368856609,0.06953316181898117,-0.02247648313641548,-0.03345411270856857,0.016709353774785995,0.067616306245327,0.03521855175495148,-0.027042832225561142,0.036747682839632034,-0.037333328276872635,0.03280119225382805,-0.05138353630900383,-0.03472820296883583,0.03694531321525574,0.03949359059333801,-0.03184247389435768,0.08605743199586868,-0.04015214368700981,0.024170702323317528,0.003619201947003603,0.02226945385336876,-0.017140785232186317,0.025248313322663307,-0.001430477830581367,0.0017293263226747513,0.050723083317279816,0.045276790857315063,0.03581026941537857,0.0027809366583824158
-0.0839465856552124,-0.14475053548812866,-0.05549447983503342,-0.041222672909498215,-0.025676345452666283,-0.06838046759366989,-0.033871062099933624,-0.02112705633044243,-0.03015199862420559,0.01682811789214611,-0.05561331287026405,-0.037901900708675385,-0.058356817811727524,-0.021339740604162216,-0.05119219422340393,-0.05414494127035141,-0.030992891639471054,-0.018100261688232422,-0.07552668452262878,-0.10430080443620682,-0.0025909091345965862,-0.1037377193570137,-0.08296165615320206,-0.04705001041293144,-0.0389888770878315,-0.01831619068980217,-0.018699726089835167,-0.09555419534444809,-0.09629984200000763,-0.030083371326327324,-0.10365550965070724,-0.011962709948420525
-0.026109302416443825,-0.017450304701924324,-0.05008946731686592,-0.03374664857983589,-0.018556542694568634,-0.017436016350984573,-0.03681770712137222,-0.07112868130207062,-0.031887538731098175,0.00970684364438057,-0.05299306660890579,0.006551862228661776,-0.000573609780985862,0.004972696769982576,-0.038742635399103165,-0.0300854854285717,-0.045778706669807434,0.009057771414518356,-0.03561023995280266,-0.013708436861634254,-0.006842165719717741,-0.028349539265036583,-0.013467800803482533,-0.005265071988105774,-0.0012798096286132932,-0.02257048897445202,-0.025840619578957558,-0.019102059304714203,0.005408948753029108,-0.006873344536870718,-0.03672114387154579,0.010095236822962761
-0.02748510241508484,-0.07909011840820312,-0.10097113996744156,-0.029777368530631065,-0.03444080799818039,-0.02173003740608692,-0.04069561883807182,-0.0969577357172966,-0.03319769352674484,-0.0331072136759758,-0.06571608781814575,-0.06692399829626083,-0.0535968579351902,-0.019743742421269417,-0.059088084846735,-0.0684153363108635,-0.07059598714113235,-0.015914613381028175,-0.04347924515604973,-0.04066795855760574,-0.030121853575110435,-0.03164462000131607,-0.05316349118947983,-0.05301910638809204,0.008948988281190395,-0.023242751136422157,-0.02693958953022957,-0.005346544086933136,-0.06576288491487503,-0.024564052000641823,-0.05923086777329445,-0.040487658232450485
0.03263247758150101,0.011702162213623524,9.470432996749878e-05,0.10941123217344284,-0.004412923473864794,0.0015047505730763078,0.03373650833964348,-0.03845949470996857,0.05282860994338989,0.013591166585683823,-0.017860978841781616,0.026221005246043205,0.006946965120732784,-0.04291405528783798,0.04495633393526077,-0.03303537145256996,0.004197622649371624,0.09459282457828522,0.022767459973692894,0.003481811610981822,0.07701640576124191,0.027077630162239075,0.12374445050954819,0.012826986610889435,0.012970455922186375,0.058014269918203354,0.07369142770767212,0.044939082115888596,0.008875218220055103,0.09443137794733047,0.015866054221987724,0.028681660071015358
-0.028821514919400215,-0.05409996211528778,-0.09215499460697174,0.019540755078196526,-0.09416288882493973,-0.028327079489827156,-0.07732478529214859,-0.04582267627120018,-0.06268733739852905,-0.04572776332497597,-0.0647660493850708,-0.054466333240270615,-0.017389006912708282,-0.06894106417894363,-0.010590887628495693,-0.04180857166647911,-0.09210891276597977,0.005432145204395056,-0.08502613008022308,-0.10447683185338974,-0.02598123997449875,-0.03550131246447563,-0.01897578313946724,-0.013068891130387783,-0.024813108146190643,-0.03773682191967964,-0.04370129853487015,-0.07709862291812897,-0.07925745844841003,-0.023752840235829353,-0.009781971573829651,-0.042585086077451706
-0.0007618691306561232,-0.06716201454401016,-0.07026421278715134,0.032326050102710724,-0.07278968393802643,-0.002732414286583662,-0.01006248127669096,0.01872285082936287,-0.03872454911470413,0.02382422238588333,-0.044746845960617065,-0.008997715078294277,-0.03235791251063347,-0.0611838735640049,-0.026636337861418724,-0.05899372696876526,-0.04671170935034752,-0.004157979041337967,-0.031420979648828506,-0.042780160903930664,0.009785729460418224,0.026531469076871872,0.006010036449879408,-0.04076134413480759,-0.027764320373535156,-0.011476430110633373,-0.03209827467799187,-0.08673222362995148,-0.07128629833459854,-0.0016185122076421976,-0.005096424836665392,-0.007005512714385986
-0.055471185594797134,-0.051894932985305786,-0.1244756281375885,-0.0983019769191742,-0.05918174609541893,-0.08529884368181229,-0.05672498047351837,-0.013377360068261623,-0.06019310653209686,-0.03775373473763466,-0.017404239624738693,-0.029795421287417412,-0.11020633578300476,-0.03660918027162552,-0.08330480754375458,-0.0807693675160408,-0.10551200807094574,-0.0256782379001379,-0.052466630935668945,0.003594941459596157,-0.022007346153259277,-0.029555173590779305,-0.11210761219263077,-0.03512490168213844,-0.04796358570456505,-0.017050640657544136,-0.06132318452000618,-0.06482623517513275,-0.006055404897779226,-0.11191356182098389,-0.06460744887590408,-0.010725420899689198
0.003983466420322657,0.013726268894970417,-0.0529249906539917,-0.015743371099233627,0.057311225682497025,0.047060247510671616,0.0656987875699997,0.01636545918881893,0.030144454911351204,0.030471663922071457,-0.010810495354235172,0.018980611115694046,0.0022445989307016134,-0.02206209860742092,0.0036519691348075867,-0.055262770503759384,0.005979805253446102,0.06523282080888748,0.07223479449748993,0.13633163273334503,-0.004983348306268454,0.08034656196832657,0.02265208773314953,0.059213489294052124,0.06320275366306305,0.062249768525362015,0.06708439439535141,-0.02055429294705391,0.013115763664245605,0.041555680334568024,0.02212393283843994,0.02866014651954174
0.0004324949695728719,-0.03215480223298073,-0.07980633527040482,-0.07109953463077545,-0.04808930307626724,0.0011281310580670834,-0.026634013280272484,-0.04514031112194061,-0.042965494096279144,-0.03955698758363724,-0.06600107997655869,-0.06687973439693451,-0.01802322082221508,-0.08099287003278732,-0.09896230697631836,-0.029499558731913567,-0.12412343919277191,-0.02262803353369236,-0.041719451546669006,-0.09883816540241241,-0.08630860596895218,-0.05309435725212097,-0.028158454224467278,-0.040014542639255524,-0.06447108089923859,-0.012714719399809837,-0.01976705528795719,-0.06269462406635284,-0.038754869252443314,-0.0502738356590271,-0.11718728393316269,-0.038061778992414474
0.012964737601578236,-0.09575582295656204,-0.0258904118090868,-0.1368885636329651,-0.03226788714528084,-0.005506488494575024,0.015467275865375996,-0.03517492860555649,-0.06976683437824249,-0.0075485585257411,-0.02336858958005905,-0.047592006623744965,0.008487343788146973,-0.062199026346206665,-0.020257478579878807,-0.034652579575777054,-0.037077318876981735,0.0024761308450251818,-0.0012994195567443967,-0.042218536138534546,-0.033694952726364136,-0.009336250834167004,-0.0075546493753790855,-0.039816055446863174,-0.024085501208901405,-0.036637164652347565,-0.0008432341273874044,-0.03968266025185585,-0.04512355476617813,-0.02398691512644291,-0.0882769376039505,-0.004561157431453466
0.008458370342850685,-0.04336261749267578,-0.033461324870586395,-0.0908767431974411,-0.0767013430595398,-0.0651036873459816,-0.034485891461372375,-0.03200601786375046,-0.030701715499162674,-0.13389986753463745,0.029203221201896667,-0.05399559810757637,-0.03973204642534256,-0.014732747338712215,-0.025468453764915466,-0.03192326799035072,-0.06210918352007866,-0.045502904802560806,-0.042159318923950195,-0.05948346480727196,-0.07324386388063431,-0.04642999544739723,-0.06716546416282654,-0.029234686866402626,-0.057714615017175674,-0.04834703728556633,-0.0590185821056366,-0.07046476751565933,-0.047538094222545624,-0.08069801330566406,0.0005863009137101471,-0.08577606081962585
0.014482847414910793,0.001632874133065343,0.1230473667383194,-0.006766586564481258,0.026434332132339478,-0.01727966219186783,0.06265118718147278,0.011858934536576271,-0.02358979359269142,0.054582469165325165,0.01305568590760231,0.07172463834285736,0.04978439211845398,0.03615308552980423,0.04439621418714523,0.09205160290002823,0.06833531707525253,0.03354319557547569,0.1018274798989296,0.0049217999912798405,0.02051573619246483,0.04605653136968613,0.020281055942177773,0.01811503805220127,0.012149334885179996,-0.0009563189232721925,0.11697662621736526,-0.013942873105406761,0.07207395136356354,0.019323717802762985,0.0547349713742733,-0.019035950303077698
0.016443884000182152,-0.050293296575546265,0.04444728419184685,-0.07631577551364899,-0.035969607532024384,-0.08669600635766983,-0.11900685727596283,-0.04971493408083916,-0.04798804968595505,-0.06338657438755035,0.0005734980222769082,0.01020694337785244,-0.03403537720441818,0.003171589458361268,-0.06423922628164291,0.012256920337677002,-0.05536448955535889,-0.09360593557357788,0.03547120839357376,-0.022020746022462845,-0.032189421355724335,-0.10033728927373886,-0.0532802976667881,-0.031474947929382324,-0.07675798237323761,-0.05896709859371185,0.01891958899796009,-0.0298905149102211,-0.061489999294281006,-0.07165568321943283,-0.012502303346991539,-0.08677002787590027
-0.040014635771512985,-0.04032453894615173,0.0422472320497036,-0.03266133368015289,-0.05233408883213997,-0.016796892508864403,-0.016329584643244743,-0.005380196962505579,-0.07826066762208939,-0.048596519976854324,-0.019661225378513336,-0.007891729474067688,0.03732428327202797,-0.03954194113612175,0.004128432832658291,0.03236311301589012,-0.04250102490186691,-0.05401119962334633,-0.0028637342620640993,-0.08830934017896652,0.0013702595606446266,-0.06945198029279709,-0.06534682959318161,-0.040060415863990784,-0.015333471819758415,0.0021570026874542236,0.015301301144063473,-0.05229627713561058,0.002450976986438036,-0.06886697560548782,0.009102582931518555,-0.07631815969944
-0.0731605589389801,-0.03104493021965027,-0.08593351393938065,-0.05718814954161644,-0.10350603610277176,-0.05561643838882446,-0.026358619332313538,-0.044758036732673645,-0.05015695095062256,-0.014836263842880726,-0.026657000184059143,-0.0591115839779377,-0.061759307980537415,-0.026538455858826637,-0.05615793913602829,-0.07062055170536041,-0.13847152888774872,-0.019289597868919373,-0.02733052708208561,-0.05431073531508446,-0.03823811560869217,-0.034851085394620895,-0.02913900464773178,-0.1153908520936966,-0.039055511355400085,-0.03885461017489433,-0.09203499555587769,-0.03505543991923332,-0.04220626875758171,-0.09742055088281631,-0.051554277539253235,-0.0209019985049963
0.0419912114739418,0.012471968308091164,0.05150255933403969,-0.016266392543911934,-0.06755025684833527,0.025145450606942177,0.05241537094116211,0.05111099034547806,0.00220332108438015,-0.0031419366132467985,0.1068929135799408,-0.007769349496811628,0.06786834448575974,-0.002653011353686452,0.04132587090134621,0.015238162130117416,-0.025346670299768448,0.0010554330656304955,0.0147921834141016,0.05615563318133354,0.03255729377269745,-0.011380620300769806,0.0362466499209404,0.013609292916953564,0.01409396342933178,0.031722135841846466,0.057239845395088196,0.007746819872409105,0.04410329833626747,-0.010956767946481705,0.030396565794944763,0.09416628628969193
-0.016196098178625107,-0.03629090264439583,-0.07220877707004547,-0.021977711468935013,-0.0961843878030777,-0.01868746429681778,-0.04618595167994499,-0.012127615511417389,-0.0999552309513092,-0.03434367477893829,-0.08782811462879181,-0.09934674948453903,-0.07174079120159149,-0.06921720504760742,-0.02282901108264923,-0.07619622349739075,-0.05513963848352432,-0.11606720089912415,-0.06570836156606674,-0.0863402932882309,0.0022839833982288837,-0.045800697058439255,-0.09298993647098541,-0.06788963079452515,-0.06307319551706314,-0.006393694784492254,-0.1446889191865921,-0.034237999469041824,-0.16140158474445343,-0.11361277848482132,-0.05187857151031494,-0.011747312732040882
-0.02752012200653553,-0.08121120929718018,0.003942735027521849,-0.07689924538135529,-0.08167518675327301,-0.017327841371297836,-0.04968275502324104,-0.044319454580545425,-0.08466074615716934,-0.0571107380092144,0.013354322873055935,-0.06637997925281525,-0.08213895559310913,-0.03858334198594093,0.012708495371043682,-0.03941219300031662,-0.025518570095300674,-0.049198929220438004,-0.02998029813170433,-0.0027206125669181347,0.06430882215499878,-0.038866110146045685,-0.03879326954483986,-0.049025289714336395,-0.04526049643754959,-0.0468507781624794,-0.01392187736928463,-0.020986313000321388,-0.055038921535015106,-0.06527470052242279,-0.008261041715741158,0.016678255051374435
-0.06933611631393433,-0.05576014891266823,-0.042630378156900406,-0.10656430572271347,-0.04740174859762192,-0.04398413375020027,-0.048939455300569534,-0.11500701308250427,-0.0734219178557396,-0.03187277168035507,-0.08506810665130615,-0.055542953312397,-0.057366713881492615,0.021171757951378822,-0.07902014255523682,-0.05823483690619469,-0.01936465874314308,-0.04823325201869011,-0.05496959760785103,-0.03345557674765587,-0.047996316105127335,-0.022901052609086037,-0.07679028809070587,-0.03496347367763519,-0.026531076058745384,-0.10457272827625275,-0.03376232832670212,0.005841679871082306,-0.05395754426717758,-0.07842499017715454,-0.04336870089173317,-0.03543182834982872
-0.01341587956994772,-0.005124339368194342,-0.0036475679371505976,-0.019386811181902885,0.01288100890815258,-0.005526733584702015,0.03214983642101288,-0.002135232323780656,-0.027171757072210312,0.06032796576619148,0.035598598420619965,0.01607625186443329,0.0708310455083847,0.03226195648312569,0.050084955990314484,0.014083415269851685,-0.0035998160019516945,-0.03499926999211311,0.024510907009243965,0.012848769314587116,0.07351384311914444,0.01679765060544014,-0.031366802752017975,-0.007159709464758635,0.054266057908535004,0.03602345660328865,0.03611418977379799,0.04146695137023926,-0.038119442760944366,0.015463287010788918,-0.02623622864484787,0.07981050759553909
-0.015784895047545433,-0.05617886409163475,-0.07531504333019257,-0.06844718754291534,-0.0025180778466165066,-0.04628748074173927,-0.05374960973858833,-0.07104211300611496,-0.09504880756139755,-0.020080870017409325,-0.06378007680177689,-0.06958215683698654,-0.02174532599747181,-0.0062008933164179325,-0.04953073710203171,-0.08130984008312225,-0.06035163998603821,-0.05410085245966911,-0.06159405782818794,-0.14075012505054474,-0.030138719826936722,-0.09664052724838257,-0.12646611034870148,-0.054067082703113556,-0.0499008484184742,-0.024766001850366592,-0.03825540468096733,-0.05034976080060005,-0.038166314363479614,-0.03627588972449303,-0.06968188285827637,-0.05437939614057541
-0.01967787928879261,0.014069544151425362,-0.012713104486465454,-0.05825701728463173,-0.019279850646853447,-0.036287471652030945,-0.005230229813605547,-0.010369681753218174,-0.07520326972007751,0.003599218325689435,-0.013107500039041042,-0.025746019557118416,0.028389785438776016,-0.05065977945923805,-0.01732596755027771,-0.027372421696782112,-0.05856990069150925,-0.018952159211039543,-0.018467523157596588,-0.0653155967593193,-0.02169066295027733,-0.014471597038209438,-0.03838039189577103,-0.04591713100671768,-0.005241557024419308,-0.0327257439494133,-0.019725138321518898,-0.000857520557474345,-0.02671835571527481,-0.013036561198532581,-0.06497444212436676,-0.024754194542765617
0.006410697009414434,-0.08801386505365372,0.022021448239684105,-0.03254519775509834,-0.06615100055932999,-0.08229225873947144,-0.04799984395503998,0.02768051065504551,-0.015338904224336147,-0.027644874528050423,-0.05206706002354622,-0.04379664361476898,-0.07529251277446747,-0.045386649668216705,-0.08359336853027344,-0.04603653401136398,-0.03222747892141342,-0.011955921538174152,-0.06694360822439194,-0.050371404737234116,-0.08220653235912323,-0.0338025763630867,-0.019957471638917923,-0.03964237496256828,-0.0288881566375494,-0.08900315314531326,-0.03357308730483055,-0.03324808180332184,-0.030220210552215576,-0.004015755373984575,-0.028800053521990776,-0.05671822652220726
0.022912221029400826,0.06844344735145569,-0.023778220638632774,-0.00025467947125434875,0.06166630610823631,0.09176064282655716,0.00814252533018589,0.014431918039917946,0.031901765614748,0.060258589684963226,0.0007377563160844147,0.09913600981235504,0.08268783241510391,-0.017237188294529915,-0.006996787153184414,0.04803290218114853,-0.02005971595644951,-0.01395268365740776,0.0219556987285614,-0.0606546550989151,0.04363768920302391,0.02972361445426941,0.004661878105252981,0.02410079538822174,0.055471114814281464,0.011570978909730911,0.07265933603048325,0.0682506263256073,0.0334935188293457,0.06630465388298035,-0.00893846433609724,0.07485485821962357
-0.005687822122126818,0.0008287930395454168,-0.02123604342341423,-0.0362112782895565,-0.028791792690753937,0.023394282907247543,0.023002106696367264,-0.024158945307135582,0.0047173649072647095,-0.06390530616044998,-0.07779277116060257,0.07436929643154144,-0.004725911654531956,-0.03304915502667427,-0.05015075206756592,-0.018223904073238373,-0.0628083124756813,-0.07250235229730606,-0.030938612297177315,-0.0680427998304367,-0.09783574193716049,-0.08174584805965424,-0.04192659258842468,-0.028795728459954262,-0.07448084652423859,-0.052031680941581726,-0.05975816026329994,-0.03985661640763283,-0.022349830716848373,-0.027368495240807533,-0.03533957898616791,-0.0974225327372551
-0.044460080564022064,-0.005251085385680199,-0.021868744865059853,-0.002461244584992528,-0.018356677144765854,0.01750796288251877,0.013327156193554401,-0.07202531397342682,-0.0007514532189816236,-0.04054919630289078,-0.04768761247396469,0.0590415820479393,-0.04620300605893135,-0.03840898349881172,-0.06649001687765121,-0.02134159952402115,-0.02309137023985386,-0.06397353857755661,-0.02708595059812069,-0.06891534477472305,-0.022617025300860405,-0.026459041982889175,-0.041239265352487564,-0.011826138012111187,-0.07341928035020828,-0.055132485926151276,-0.014538449235260487,-0.02159068174660206,0.009405440650880337,-0.02576967142522335,0.017343804240226746,-0.0014576136600226164
-0.025353142991662025,-0.03348442167043686,-0.04553799703717232,-0.06603236496448517,-0.023981548845767975,-0.025854913517832756,-0.06376791000366211,-0.07356669753789902,-0.019099164754152298,-0.01704362966120243,-0.050995051860809326,-0.06290625035762787,-0.045231156051158905,-0.01136223878711462,-0.03346127271652222,-0.030252132564783096,-0.026292143389582634,-0.04117400571703911,-0.05252249911427498,-0.0790608823299408,-0.049137361347675323,0.0025755183305591345,-0.06296609342098236,-0.041060980409383774,-0.0157620906829834,-0.05902479961514473,-0.07706861943006516,-0.09691694378852844,-0.055682212114334106,-0.03460888937115669,-0.007135202642530203,-0.039232656359672546
0.019276447594165802,0.010839682072401047,0.009946437552571297,0.06974220275878906,0.032639279961586,0.023012684658169746,0.010834049433469772,0.03254721686244011,0.055116575211286545,0.031227199360728264,-0.0068498654291033745,0.016669394448399544,0.010785802267491817,-0.009105416014790535,0.01570322923362255,0.02660287916660309,0.08323001116514206,0.030527029186487198,0.03577663376927376,0.008093353360891342,0.024229900911450386,0.04836811497807503,0.009604336693882942,0.009538617916405201,0.008747249841690063,0.02737976424396038,0.015742726624011993,-0.06524156779050827,0.018491849303245544,-0.0034054014831781387,0.09285146743059158,0.053077422082424164
0.008807733654975891,-0.02134818397462368,-0.07176386564970016,-0.042242515832185745,-0.007544888183474541,-0.010669291950762272,-0.03369121253490448,-0.06547333300113678,-0.0016057550674304366,-0.1340370625257492,-0.07702232897281647,0.023854540660977364,-0.07445202767848969,-0.021413736045360565,-0.0306498222053051,-0.016497395932674408,-0.021686162799596786,-0.02615853026509285,0.005929115228354931,-0.08726830780506134,-0.0786774531006813,0.025393739342689514,-0.02265462651848793,0.0021913948003202677,-0.035533931106328964,-0.06589768081903458,-0.021552814170718193,-0.10949522256851196,-0.10854530334472656,-0.026781512424349785,-0.033103108406066895,-0.1020432859659195
-0.029868662357330322,-0.035733647644519806,-0.09998074173927307,-0.0072553642094135284,-0.012694627977907658,-0.011151162907481194,-0.11549936234951019,-0.00938405841588974,-0.03840179368853569,-0.07164788991212845,-0.05922793969511986,-0.11009491235017776,-0.08422797918319702,-0.09065236896276474,-0.023054849356412888,-0.07483308017253876,-0.017979318276047707,-0.031150763854384422,-0.031901776790618896,-0.05725434049963951,-0.01265218760818243,-0.030571823939681053,-0.024982906877994537,-0.02628263831138611,-0.03581767529249191,-0.027875123545527458,0.025279734283685684,-0.08999324589967728,-0.07763558626174927,-0.048309482634067535,-0.043755289167165756,0.007371929474174976
-0.05591868981719017,-0.07187201827764511,-0.0701129138469696,-0.056205280125141144,-0.03833356127142906,-0.05332200229167938,-0.03929215669631958,-0.021255716681480408,-0.0445372574031353,-0.021876491606235504,-0.061809808015823364,-0.061484966427087784,-0.10352625697851181,-0.030994543805718422,-0.05472236126661301,-0.045025866478681564,-0.07024480402469635,-0.09458748996257782,-0.08183959126472473,-0.09229366481304169,-0.07165718078613281,-0.09201990067958832,-0.08541680127382278,-0.07410342991352081,-0.05486597493290901,-0.07131802290678024,-0.05456335470080376,-0.04951389506459236,-0.0555400550365448,-0.061606429517269135,-0.10394349694252014,-0.045174747705459595
-0.02872629277408123,0.03704894706606865,0.02054082229733467,0.06835488975048065,0.013776939362287521,0.010230626910924911,-0.03091391548514366,0.04920261725783348,-0.02555888704955578,0.01636338047683239,0.015031741932034492,0.013284577988088131,0.07702478021383286,-0.009282128885388374,0.020011356100440025,-0.027375318109989166,0.036624420434236526,-0.06149454787373543,-0.006231775972992182,-0.02883976139128208,-0.0026609485503286123,0.03349003195762634,-0.02205444686114788,0.02388443425297737,-0.013253715820610523,-0.012543074786663055,0.007862723432481289,-0.004903168883174658,-0.00890533160418272,-0.0296755563467741,0.028353260830044746,0.030551567673683167
-0.09515325725078583,-0.08229397237300873,-0.0751563310623169,-0.09999475628137589,-0.06250809878110886,-0.036574169993400574,-0.055622342973947525,-0.06630667299032211,-0.034413646906614304,-0.013483759947121143,-0.09512781351804733,-0.0412597618997097,-0.047210704535245895,-0.04863237217068672,-0.06108839809894562,-0.055326297879219055,-0.10471730679273605,-0.051267288625240326,-0.09209128469228745,-0.14630180597305298,-0.046660326421260834,-0.025264302268624306,-0.07465853542089462,-0.10053740441799164,-0.03498018905520439,-0.053877804428339005,-0.09035486727952957,-0.06399419158697128,-0.058054015040397644,-0.09689690172672272,-0.09222801774740219,-0.11345183849334717
-0.07820074260234833,-0.011856102384626865,-0.03852777183055878,-0.02184724062681198,-0.04363448917865753,-0.0025937214959412813,-0.046647246927022934,-0.03612908720970154,-0.038007624447345734,-0.004632281605154276,-0.048916809260845184,-0.01965438388288021,-0.026675190776586533,-0.05694909021258354,-0.05378793179988861,-0.08421652764081955,-0.0355401448905468,-0.07030877470970154,-0.05286720022559166,-0.07600241899490356,-0.06657485663890839,-0.012798219919204712,-0.10162360966205597,-0.05846581235527992,-0.0754404217004776,-0.03815777599811554,-0.06498609483242035,-0.04967505857348442,-0.030040739104151726,-0.05076709762215614,-0.051300596445798874,-0.08232446759939194
-0.04966297745704651,-0.047356028109788895,-0.07780952751636505,-0.059276945888996124,-0.05088500678539276,-0.09677933156490326,-0.05054272711277008,-0.05864078551530838,-0.0494631752371788,-0.013894839212298393,-0.0203754473477602,-0.0770125687122345,-0.06949695199728012,-0.04217857867479324,0.0034575655590742826,-0.03433837741613388,-0.06398764252662659,-0.03431285172700882,-0.017982695251703262,-0.040211208164691925,-0.07653764635324478,-0.06938643753528595,-0.07033883780241013,-0.03932309150695801,-0.08396585285663605,-0.06577132642269135,-0.04769815877079964,-0.03581760823726654,-0.07149812579154968,-0.06328977644443512,-0.05851192772388458,-0.01685643009841442
-0.009522248059511185,0.013841045089066029,-0.024241061881184578,0.05402044579386711,0.09242711216211319,-0.06747861206531525,0.018350983038544655,-0.0011347600957378745,0.0005244984058663249,0.01171789038926363,0.0297849178314209,0.006243914365768433,0.000857745879329741,0.05991054326295853,-0.03898639231920242,0.01140313409268856,0.022123845294117928,-0.00837306771427393,-0.01154494658112526,0.06366927176713943,-0.007699816487729549,0.024709464982151985,0.0025364961475133896,0.03371233120560646,-0.05112404748797417,0.04997153952717781,0.006572164129465818,0.04706437513232231,0.009958915412425995,0.007677474059164524,-0.03185725584626198,-0.006992662791162729
-0.083269864320755,-0.05711175873875618,-0.037793319672346115,-0.09974534064531326,-0.05236009135842323,-0.07772964984178543,-0.023953843861818314,-0.017828352749347687,-0.068004310131073,-0.05545518174767494,-0.013299932703375816,-0.10950728505849838,-0.06394682079553604,0.01446406077593565,-0.012980539351701736,-0.07491099089384079,-0.032247547060251236,-0.009437908418476582,-0.0501326322555542,0.022683264687657356,-0.08909491449594498,-0.08230972290039062,-0.05019725486636162,-0.0867089331150055,-0.08671639114618301,-0.04151538386940956,-0.017269192263484,-0.018963346257805824,-0.0684746503829956,-0.04166269302368164,-0.09599410742521286,-0.11776959896087646
-0.029010457918047905,0.012308862991631031,-1.7153099179267883e-05,-0.036096714437007904,-0.00720450421795249,-0.04623739421367645,-0.020886272192001343,0.012531215324997902,-0.03534896299242973,-0.04506170004606247,-0.040545955300331116,-0.05337829142808914,-0.06071477010846138,-0.032205868512392044,-0.023219380527734756,-0.03123023733496666,-0.021688472479581833,0.0005522974533960223,-0.04727468267083168,0.02446346916258335,-0.07629260420799255,-0.016985798254609108,-0.07075580209493637,-0.02722511999309063,-0.07609742879867554,-0.007744067348539829,0.027109256014227867,-0.007164716720581055,-0.025254681706428528,-0.011538038961589336,-0.06716256588697433,-0.07934483885765076
-0.04879528284072876,-0.09545936435461044,-0.07220437377691269,-0.025930428877472878,-0.10594666004180908,-0.026825329288840294,-0.034847330302000046,-0.07700401544570923,-0.03626362979412079,0.0008144721505232155,-0.06348803639411926,0.011529402807354927,-0.02310699038207531,-0.08619392663240433,-0.07503602653741837,-0.024362824857234955,-0.06106811389327049,-0.054895367473363876,-0.03342895954847336,-0.06560754030942917,-0.058167845010757446,-0.04644087329506874,-0.0409230999648571,-0.03775902837514877,-0.02222013659775257,-0.07906412333250046,-0.07356976717710495,-0.12098684906959534,-0.014289106242358685,-0.013207735493779182,-0.01788058690726757,-0.013242839835584164
0.07385873794555664,0.05836193263530731,0.03396028280258179,-0.022715002298355103,0.036601945757865906,0.013054121285676956,-0.011761080473661423,-0.012066763825714588,0.040534935891628265,-0.007129956968128681,0.047788094729185104,-0.00539783900603652,0.0725058764219284,-0.01902405172586441,-0.024282541126012802,0.03494536131620407,0.037132780998945236,0.022486792877316475,-0.019676536321640015,0.12407335638999939,0.021330513060092926,-0.02141406573355198,0.07895071804523468,0.03005814366042614,0.01975514180958271,0.11724922060966492,0.03804733231663704,-0.06297954171895981,0.028843726962804794,0.03507507964968681,0.015418224036693573,-0.017299259081482887
-0.01435885950922966,0.027357086539268494,-0.011414127424359322,-0.010419895872473717,0.014290298335254192,-0.06857410073280334,-0.08510095626115799,-0.06821132451295853,0.008693777024745941,-0.0426877997815609,-0.11312756687402725,0.007326273713260889,-0.053509294986724854,-0.049473632127046585,-0.07978815585374832,-0.1187177300453186,-0.05886904522776604,-0.027886563912034035,-0.02532547153532505,0.07070878893136978,-0.08448013663291931,-0.055182188749313354,-0.04291219264268875,-0.035860396921634674,-0.016668986529111862,0.012833433225750923,-0.031360454857349396,-0.055382657796144485,-0.027149436995387077,-0.05871172994375229,-0.0766604095697403,-0.10998210310935974
-0.011183908209204674,0.0229055043309927,-0.02271776646375656,0.013312692753970623,-0.008071615360677242,-0.0527055487036705,-0.03624570369720459,0.00038650259375572205,0.009375717490911484,0.006147128064185381,0.03042614832520485,-0.036299772560596466,0.005005157086998224,-0.02908449061214924,-0.02413138933479786,-0.04211436212062836,-0.018950937315821648,-0.029980948194861412,-0.04956626519560814,0.04166540130972862,-0.010560601949691772,-0.06175493076443672,-0.05657552555203438,-0.028649277985095978,-0.014012258499860764,0.012872288934886456,0.022682547569274902,-0.03445165976881981,-0.017990896478295326,-0.008870777674019337,-0.02337641455233097,-0.06712812185287476
-0.052677907049655914,-0.06520234048366547,-0.04951798915863037,0.0019517531618475914,-0.03711310029029846,-0.06321728974580765,-0.030038779601454735,-0.07766548544168472,-0.0683240294456482,-0.010168321430683136,-0.02990487776696682,-0.049530427902936935,0.029735097661614418,-0.034912098199129105,-0.02912125736474991,-0.027073577046394348,-0.014431347139179707,-0.06531108170747757,0.005556535441428423,-0.0679110437631607,-0.06722202152013779,-0.028465885668992996,-0.05830182135105133,-0.05294746533036232,0.00570004153996706,-0.10996435582637787,-0.07831038534641266,-0.051760073751211166,-0.04939694702625275,0.024478992447257042,-0.04801936075091362,0.0033662267960608006
0.009159771725535393,0.12974905967712402,0.004374609794467688,0.11298082768917084,0.03745846077799797,0.01412331685423851,0.03623739629983902,0.00026431120932102203,0.02276495099067688,-0.013216888532042503,-0.01423446275293827,-0.012018367648124695,0.03719151392579079,-0.024190157651901245,0.0012313167098909616,0.055279411375522614,0.07570803165435791,-0.018797988072037697,0.015596226789057255,0.08063001185655594,-0.0021332059986889362,0.007372426800429821,0.06940726190805435,0.00856771320104599,0.012598260305821896,-0.037437353283166885,0.11875500530004501,-0.011808913201093674,0.08004104346036911,0.022014059126377106,0.035537514835596085,0.010479924269020557
-0.12853431701660156,-0.09620971232652664,-0.07334483414888382,-0.04992556944489479,-0.09943108260631561,-0.14083357155323029,-0.002247733762487769,-0.027427256107330322,-0.07233955711126328,-0.020739926025271416,-0.036045484244823456,-0.020200077444314957,0.019087353721261024,-0.05949409678578377,-0.024343105033040047,-0.0577680803835392,-0.010171095840632915,-0.034605804830789566,-0.03348927199840546,-0.056721705943346024,-0.03527157008647919,0.019797751680016518,-0.0986986830830574,-0.01995345763862133,-0.029269220307469368,-0.11297936737537384,-0.011032733134925365,-0.05299784988164902,-0.0503641776740551,0.028144769370555878,-0.07124745100736618,-0.02971959300339222
-0.07369165867567062,0.015182427130639553,0.0017054100753739476,-0.006683453917503357,-0.027009226381778717,-0.050373200327157974,-0.013736539520323277,-0.026939649134874344,-0.04822452738881111,-0.01724865846335888,-0.04169375076889992,-0.01724996045231819,-0.015886591747403145,-0.045951370149850845,-0.008222482167184353,-0.013609329238533974,-0.03454987704753876,-0.012834161520004272,-0.05787234008312225,-0.012299111112952232,-0.013281818479299545,0.010775472037494183,-0.010913444682955742,-0.019522646442055702,-0.00434264587238431,-0.06136304885149002,0.0320785716176033,-0.03707069903612137,0.02467101812362671,-0.07356990873813629,-0.028658026829361916,-0.004010630305856466
-0.0754552036523819,-0.07012075185775757,-0.04985411465167999,-0.06031247228384018,-0.08690668642520905,-0.04442474991083145,-0.07979775220155716,-0.005583578255027533,-0.05587802454829216,-0.0328899510204792,-0.01059141755104065,-0.04673260450363159,-0.06983689963817596,-0.043867286294698715,-0.062169697135686874,-0.11063592880964279,-0.05490093305706978,-0.0547487847507,-0.007356323767453432,-0.05685627833008766,-0.051909711211919785,-0.026161931455135345,-0.03944685682654381,0.007095076143741608,-0.05837925150990486,-0.06052558869123459,-0.05673414468765259,-0.026905763894319534,-0.05321773886680603,-0.07289901375770569,-0.07799390703439713,0.024825267493724823
0.07430994510650635,0.04220093786716461,0.06219489127397537,-0.017701921984553337,0.015474713407456875,-0.015853097662329674,-0.027675269171595573,0.044387657195329666,0.02108272723853588,0.0016357491258531809,0.018396832048892975,0.010917357169091702,0.007914267480373383,-0.005125752184540033,0.010451527312397957,0.019928565248847008,-0.019605953246355057,0.046121273189783096,-0.008487041108310223,0.06251812726259232,0.016441302374005318,0.03220555931329727,0.022142425179481506,-0.020318331196904182,0.0012656814651563764,0.01618259772658348,-0.02132924273610115,0.01633189059793949,0.08382432162761688,0.00923464260995388,-0.002801395021378994,0.0333930142223835
-0.0543336495757103,-0.08604182302951813,-0.1162627562880516,-0.10394519567489624,-0.05791455879807472,-0.0596485510468483,-0.03157872334122658,0.02390185371041298,-0.1085519790649414,-0.046082403510808945,-0.0032416577450931072,-0.04770191013813019,-0.050407495349645615,-0.030866453424096107,-0.05616655573248863,-0.0745900422334671,-0.08866611123085022,-0.08098931610584259,-0.013030716218054295,-0.07236834615468979,-0.06765476614236832,-0.08855153620243073,-0.01462313812226057,-0.040160633623600006,-0.08939056098461151,-0.09392330795526505,-0.023045960813760757,-0.045909278094768524,-0.12043555080890656,-0.04225100576877594,-0.0638357549905777,-0.04221139848232269
0.03925127908587456,-0.04217077046632767,0.005684304516762495,-0.09477794915437698,0.008636231534183025,-0.07066060602664948,-0.07207579165697098,0.015148459002375603,0.008302710950374603,-0.012591619975864887,-0.016986344009637833,-0.026692211627960205,-0.021625768393278122,-0.05006134882569313,-0.04919809103012085,-0.02466103807091713,-0.02343827299773693,0.0071699172258377075,-0.04084586352109909,-0.014753611758351326,-0.08188726007938385,0.010602816939353943,-0.0009442397276870906,0.0050993990153074265,-0.02811429463326931,-0.03329817205667496,0.030399000272154808,-0.03313900902867317,-0.050427671521902084,-0.00809057243168354,-0.06591691076755524,-0.0717654600739479
-0.05826592817902565,-0.01610519550740719,-0.042563941329717636,-0.07264360040426254,-0.042309630662202835,0.008515648543834686,-0.1153293028473854,-0.09487643092870712,-0.1027982160449028,-0.07778353989124298,-0.029822230339050293,-0.08129292726516724,-0.02094835788011551,-0.10181508958339691,-0.065345898270607,-0.03830667957663536,-0.06318487972021103,-0.06369952857494354,-0.03473130613565445,-0.09557026624679565,-0.08231758326292038,-0.03481069952249527,-0.024048902094364166,-0.019432781264185905,-0.02740590274333954,-0.035140108317136765,-0.044440753757953644,-0.04396433383226395,-0.05943821743130684,-0.03456858918070793,-0.1126185730099678,-0.018905092030763626
0.07184038311243057,0.009067416191101074,0.043505892157554626,0.04101242125034332,0.009932976216077805,0.05557696521282196,-0.03583647310733795,-0.048360686749219894,0.03805041313171387,0.0003069136291742325,-0.04998607933521271,-0.026425017043948174,0.017929406836628914,0.016993561759591103,0.10296915471553802,0.06864764541387558,-0.020739063620567322,0.055424757301807404,0.009167168289422989,0.011687248945236206,0.013798912987112999,0.08180689811706543,0.004471843596547842,0.028671864420175552,-0.036303095519542694,0.04655950143933296,0.034441299736499786,0.020386071875691414,-0.005590412765741348,0.04568171873688698,0.0005060023395344615,0.01901671662926674
-0.021673312410712242,-0.09232212603092194,-0.1057572141289711,-0.03101801685988903,-0.04581558704376221,-0.07397227734327316,-0.07812567800283432,-0.08986839652061462,-0.04020597040653229,-0.04110119864344597,-0.05077020078897476,-0.07204445451498032,-0.051888205111026764,-0.05779581889510155,-0.03515687957406044,-0.027415072545409203,-0.0009694980108179152,-0.09990328550338745,-0.01867363229393959,-0.09904129803180695,-0.0529153048992157,-0.04825824871659279,-0.07646936923265457,-0.05716702714562416,-0.03371460363268852,-0.005917676724493504,-0.05536741763353348,-0.06644558906555176,-0.044245731085538864,-0.09492751210927963,-0.06050374358892441,0.0401063896715641
0.00642314413562417,-0.0570128858089447,-0.05184124410152435,-0.017296554520726204,-0.04531475529074669,-0.029694024473428726,-0.054172419011592865,-0.08595141023397446,-0.014317682944238186,-0.005546796601265669,-0.025415051728487015,-0.03802969306707382,-0.0030227999668568373,-0.0009352355846203864,-0.025631671771407127,0.011577597819268703,-0.0128804175183177,-0.0011005582055076957,-0.03873688355088234,-0.029110074043273926,-0.02788112871348858,-0.004526727832853794,-0.03651757910847664,-0.036323387175798416,-0.06336170434951782,-0.04627794027328491,-0.019745342433452606,-0.06387598812580109,-0.015175062231719494,-0.030253052711486816,-0.016631606966257095,0.03141961991786957
-0.02042749710381031,0.016245556995272636,-0.09135541319847107,-0.03626181185245514,-0.04662732779979706,0.020206350833177567,-0.1184413954615593,-0.03669467940926552,-0.017335886135697365,-0.06631151586771011,-0.018653910607099533,-0.017865419387817383,-0.03948880359530449,-0.06067439541220665,-0.04296456649899483,-0.053142745047807693,-0.0483451746404171,-0.06678128987550735,-0.04316386952996254,-0.06987891346216202,-0.0393090657889843,-0.043801870197057724,-0.006989673711359501,-0.04999697953462601,-0.036657944321632385,-0.052580576390028,0.005510810762643814,-0.08199363946914673,-0.04346948862075806,-0.024042926728725433,0.005026980768889189,-0.0268720630556345
0.07970795035362244,0.032596781849861145,0.04076599329710007,0.05555874481797218,0.03454146161675453,0.026303866878151894,0.015590401366353035,-0.002746687503531575,-0.011649107560515404,-0.031061435118317604,0.04984225332736969,-0.037847310304641724,0.010339240543544292,0.058188650757074356,0.08122983574867249,0.028916051611304283,0.02984502725303173,0.04407493397593498,0.013613864779472351,-0.0008136953110806644,0.04356139525771141,0.05324113368988037,0.012155936099588871,0.02079286426305771,0.03967183828353882,-0.01049582939594984,0.04744601249694824,0.03426544740796089,-0.015816526487469673,0.07281194627285004,0.04105745255947113,0.011893478222191334
0.02364492416381836,-0.002411229768767953,-0.08128838241100311,-0.04907660931348801,0.0013844454661011696,0.04051428288221359,-0.08949429541826248,-0.09474792331457138,0.0015757442452013493,-0.04168563708662987,-0.013333010487258434,-0.041515789926052094,-0.08778111636638641,0.02261470817029476,-0.09083317220211029,-0.06575633585453033,-0.03381810709834099,-0.028111716732382774,-0.049885109066963196,-0.007167468778789043,-0.05143333971500397,-0.07318148761987686,-0.055438123643398285,-0.046394504606723785,0.006312941666692495,-0.06720632314682007,-0.06643110513687134,-0.06101692095398903,-0.09921757876873016,-0.01093398779630661,-0.051738910377025604,-0.08751672506332397
0.014383063651621342,-0.015402209013700485,-0.030155155807733536,0.013329575769603252,-0.03764588013291359,-0.006484540179371834,-0.05339355766773224,-0.04831242933869362,0.005403956398367882,-0.007944927550852299,-0.0015103832120075822,-0.017752645537257195,-0.06856575608253479,0.054833948612213135,0.003617290873080492,-0.0020005470141768456,-0.002814057981595397,-0.010344268754124641,-0.02526971325278282,-0.06017788499593735,-0.038057390600442886,-0.0018310833256691694,-0.06768972426652908,-0.014527791179716587,-0.010309657081961632,-0.036203544586896896,-0.012788168154656887,-0.03685099631547928,-0.04062669724225998,-0.0060952589847147465,0.0012380119878798723,-0.04730299860239029
-0.0718163400888443,-0.021548721939325333,-0.11038936674594879,-0.029074978083372116,-0.05698544159531593,-0.054764047265052795,-0.012059425003826618,-0.036082055419683456,-0.03084597736597061,-0.03530263155698776,-0.051082611083984375,-0.04217427223920822,-0.117442786693573,-0.0385921373963356,0.012895089574158192,-0.05316799506545067,-0.04014278203248978,-0.04503297805786133,-0.052693355828523636,-0.015989527106285095,-0.007599947042763233,-0.04880881309509277,-0.03129473701119423,-0.06410917639732361,-0.038028113543987274,0.010302294977009296,-0.03009135276079178,0.0024784898851066828,-0.02341471053659916,-0.04381344094872475,-0.06923547387123108,-0.06731082499027252
0.03151705116033554,0.0008281336049549282,-0.05852247774600983,0.0076289549469947815,0.008228296414017677,0.015455481596291065,0.03398383781313896,-0.013978961855173111,0.021059812977910042,-0.014558185823261738,0.07761745899915695,-0.010521593503654003,0.05994376540184021,0.03714461997151375,0.07459139823913574,0.03843025118112564,0.023121803998947144,0.028226343914866447,0.010766308754682541,0.035897396504879,0.06793908029794693,0.06218332797288895,0.014795748516917229,-0.039440348744392395,0.08169230073690414,0.013662315905094147,0.009717391803860664,0.07479120790958405,0.05718789994716644,-0.0026941995602101088,-0.008166458457708359,0.08553396165370941
-0.02373364195227623,-0.1202140524983406,-0.07102125138044357,-0.10824225097894669,-0.04399474710226059,-0.049887217581272125,-0.034259993582963943,-0.050568390637636185,-0.02554420754313469,-0.04139867052435875,-0.055585384368896484,-0.009704753756523132,-0.025311285629868507,0.023896370083093643,0.0033339657820761204,0.014965834096074104,-0.06051085889339447,-0.017149273306131363,-0.0941721573472023,0.001132651581428945,-0.013040346093475819,-0.012538363225758076,0.01073654554784298,-0.0607282929122448,-0.032376959919929504,-0.018643725663423538,-0.004556290339678526,-0.0009851711802184582,-0.060813385993242264,-0.03378445282578468,-0.01243138499557972,-0.05640266463160515
0.0012960033491253853,-0.06070223078131676,0.00822217483073473,-0.10014579445123672,-0.05102234333753586,0.020265312865376472,-0.008193491958081722,-0.03125043585896492,-0.03719540312886238,-0.03632695972919464,-0.01605427823960781,0.018069922924041748,-0.03851533681154251,-0.0037153721787035465,-0.0384678840637207,0.016091007739305496,-0.03120490536093712,-0.019316593185067177,-0.051379263401031494,-0.044667165726423264,-0.07480860501527786,-0.007310626097023487,-0.006146788131445646,-0.04166886955499649,-0.008396072313189507,-0.06569523364305496,-0.09159953147172928,0.0073124743066728115,-0.03418656438589096,-0.03688295930624008,-0.047293100506067276,0.019758494570851326
-0.054140299558639526,-0.033663395792245865,-0.029189174994826317,0.03361494094133377,-0.0026500148233026266,-0.05802903696894646,-0.02238115482032299,-0.02695920132100582,-0.06415527313947678,-0.057683315128088,-0.06220405176281929,-0.08213691413402557,-0.031941551715135574,-0.009189493954181671,-0.05323290824890137,-0.04145624116063118,-0.04874192923307419,0.015467755496501923,0.01689070835709572,-0.03284211456775665,-0.05059557035565376,-0.07611829042434692,-0.06421402841806412,-0.047353748232126236,-0.06548384577035904,-0.03733702749013901,-0.05456680804491043,-0.0556412935256958,-0.05116904526948929,-0.059742119163274765,-0.10865311324596405,-0.07535902410745621
0.01135510578751564,0.07217679172754288,0.06695535778999329,0.007909282110631466,-0.010453538037836552,0.11276300996541977,0.07018531113862991,-0.009565531276166439,0.010679876431822777,0.050732459872961044,0.019394947215914726,-0.021221205592155457,0.08617005497217178,0.05060981959104538,0.03842708840966225,0.0675545334815979,0.023635603487491608,0.02947770617902279,0.039753299206495285,0.0027428455650806427,0.06885845214128494,0.0067179566249251366,-0.006754509173333645,0.0008938355604186654,0.04004760831594467,0.024891065433621407,-0.010144678875803947,0.08942368626594543,0.02337246760725975,0.006814996246248484,0.027765881270170212,0.06636867672204971
-0.09072653204202652,-0.004366522189229727,-0.0022419129963964224,0.019560111686587334,-0.039804499596357346,-0.03697854280471802,0.023883424699306488,-0.06650260090827942,-0.04878139868378639,-0.015204991213977337,0.003334241220727563,-0.0563478097319603,0.004340550396591425,-0.018415693193674088,-0.06147734075784683,-0.030208509415388107,0.0028061531484127045,-0.017200466245412827,-0.020483115687966347,-0.04977273568511009,-0.0379687137901783,-0.0972251147031784,-0.10424641519784927,-0.04753788560628891,-0.08795467019081116,-0.02903117798268795,-0.04699266329407692,-0.06002701818943024,-0.092567078769207,-0.06391404569149017,-0.02001064084470272,-0.052616655826568604
-0.028521545231342316,0.018619021400809288,-0.07779336720705032,-0.04696999862790108,-0.047099221497774124,-0.011442024260759354,-0.07098233699798584,-0.059108052402734756,0.004298602230846882,-0.03303028270602226,-0.026618653908371925,-0.03897389769554138,-0.06800960004329681,-0.016832677647471428,-0.049966275691986084,-0.011820684187114239,-0.05176268890500069,-0.014682547189295292,-0.0186814796179533,-0.02748529613018036,-0.024190278723835945,-0.08388137817382812,-0.017104551196098328,-0.06828579306602478,-0.020174207165837288,-0.030223939567804337,-0.04926772788167,-0.0026287538930773735,-0.029172593727707863,-0.0573430135846138,0.016389045864343643,0.014092806726694107
-0.057355355471372604,-0.06110931932926178,-0.030276048928499222,-0.08313947916030884,-0.05239005759358406,-0.028180675581097603,-0.06116960942745209,-0.020639823749661446,-0.03448810800909996,-0.08897952735424042,-0.056552454829216,-0.03279713913798332,-0.047930121421813965,0.0017765237716957927,-0.03141144663095474,-0.0924263596534729,-0.07777063548564911,0.004173583816736937,-0.04926551505923271,0.009749731980264187,-0.09306241571903229,-0.04547833278775215,0.03616107627749443,-0.036962736397981644,-0.04578971490263939,-0.014165538363158703,-0.01987203024327755,-0.049543146044015884,-0.05119028687477112,0.021567823365330696,-0.0665842816233635,-0.07195593416690826
0.024658646434545517,0.04208565503358841,0.03281958028674126,0.01642071083188057,0.013679728843271732,0.0031388478819280863,-0.0126647325232625,0.04655575007200241,0.062186338007450104,-0.012019026093184948,-0.001792152994312346,0.047930438071489334,0.03439575433731079,0.05797799304127693,-0.04780791327357292,-0.01204781886190176,0.022434191778302193,-0.0151142543181777,0.004261781927198172,0.03937855362892151,-0.04195868968963623,-0.026059184223413467,0.022139988839626312,0.03304211422801018,0.008676148019731045,0.050433434545993805,0.027344832196831703,-0.015806682407855988,-0.037577543407678604,-0.07250542938709259,-0.013623320497572422,0.017380651086568832
-0.021963760256767273,-0.0802251398563385,-0.04331429302692413,-0.056490711867809296,-0.052174463868141174,-0.12912917137145996,-0.06062070280313492,-0.08084564656019211,-0.01476943027228117,-0.10313262790441513,-0.03806442394852638,-0.046157997101545334,0.03369716554880142,-0.0698736235499382,-0.08111165463924408,-0.0652976706624031,-0.012239412404596806,-0.09903298318386078,-0.027859078720211983,-0.02828812599182129,-0.11598408222198486,-0.03852922469377518,0.022392593324184418,-0.008936803787946701,-0.055285125970840454,-0.08430887758731842,-0.0375395193696022,-0.11227460950613022,-0.11272130161523819,-0.028032146394252777,-0.0028123105876147747,-0.007981761358678341
-0.05518278852105141,-0.003724189940840006,-0.024992359802126884,-0.01867314614355564,-0.04520237073302269,-0.0826546847820282,-0.027015995234251022,-0.03617800772190094,-0.021840384230017662,-0.03723622485995293,-0.07279450446367264,-0.014458860270678997,0.002227913588285446,-0.03486872836947441,-0.036614540964365005,-0.0517253652215004,-0.0224904865026474,-0.05022990331053734,-0.07822291553020477,-0.034726712852716446,-0.06004349887371063,-0.030136726796627045,-0.013729769736528397,-0.013839474879205227,-0.036555975675582886,-0.04313880577683449,-0.033942483365535736,-0.02273412048816681,-0.04846353083848953,-0.038632988929748535,0.016057683154940605,0.012810448184609413
-0.046334851533174515,-0.05841948837041855,-0.06423512101173401,-0.11226014047861099,-0.044710833579301834,-0.021790338680148125,-0.08901175856590271,-0.013836607336997986,-0.06843791157007217,-0.010237852111458778,-0.023641148582100868,-0.05693591386079788,-0.04389404505491257,-0.07794937491416931,-0.017992427572607994,-0.03017260693013668,-0.061377931386232376,-0.03105630725622177,-0.06727330386638641,-0.060895927250385284,-0.06034655123949051,0.0030903974547982216,-0.04845336452126503,-0.07146167010068893,-0.016509944573044777,-0.06524023413658142,-0.04182732105255127,-0.03144098073244095,0.009301298297941685,-0.029849115759134293,-0.06755778193473816,0.010838918387889862
0.0183502659201622,0.061062537133693695,0.04650014638900757,-0.010084589943289757,0.04540542513132095,0.05153675377368927,-0.02749122679233551,-0.022736931219697,0.050698406994342804,0.028767026960849762,0.03339548781514168,0.024062393233180046,-0.03527480736374855,0.01502254232764244,-0.04987555742263794,-0.06768941879272461,-0.04429849237203598,0.053256284445524216,-0.03952154144644737,0.006180278025567532,0.05713661387562752,-0.0002448558807373047,0.02690965309739113,-0.019307954236865044,0.019098272547125816,0.06219049543142319,-0.052727703005075455,0.09266430139541626,0.054183363914489746,-0.019665898755192757,0.01212544459849596,0.008574603125452995
-0.04105034098029137,-0.05888251215219498,-0.05185394361615181,-0.030854899436235428,0.006764598656445742,-0.08549900352954865,-0.06072893366217613,-0.02118915691971779,-0.06394840776920319,-0.03038056008517742,0.009470407851040363,-0.05719146504998207,-0.06178104504942894,-0.023282013833522797,-0.06255004554986954,-0.06194033473730087,-0.06483268737792969,-0.006912863347679377,-0.06226246431469917,-0.03870534896850586,-0.05241785943508148,-0.0254184789955616,-0.060552775859832764,-0.04203995689749718,-0.03402497619390488,-0.02111056074500084,-0.04639633744955063,-0.06151639297604561,0.014598505571484566,-0.0374571830034256,-0.07445001602172852,-0.0764099583029747
-0.015087539330124855,-0.016917163506150246,0.023591933771967888,-0.05818338692188263,0.01330290175974369,-0.05187123268842697,-0.04344210773706436,-0.03710361570119858,-0.019400883466005325,-0.03145231306552887,-0.034297119826078415,-0.03653012216091156,-0.04863541200757027,-0.057479821145534515,-0.07002952694892883,-0.03820570930838585,-0.07350986450910568,-0.011041326448321342,-0.026292065158486366,-0.09746039658784866,-0.006577958818525076,-0.09935236722230911,-0.035952311009168625,-0.0466792918741703,-0.05266068875789642,-0.017848554998636246,-0.026226576417684555,0.009001519531011581,-0.04294716194272041,-0.052620839327573776,-0.06639211624860764,-0.08169911056756973
-0.05220028758049011,-0.025100452825427055,-0.037440091371536255,-0.059612493962049484,-0.046094346791505814,-0.042381126433610916,-0.04150901362299919,-0.05854267627000809,-0.08936170488595963,-0.01735108159482479,-0.07459980994462967,-0.040866509079933167,-0.05346253514289856,-0.04430295526981354,-0.053190164268016815,-0.023122891783714294,-0.07998135685920715,-0.08093133568763733,-0.04811564087867737,-0.016806136816740036,-0.032145675271749496,-0.04086540266871452,-0.054686106741428375,-0.04893490672111511,-0.04686844348907471,-0.04630422219634056,-0.013859831728041172,-0.028740398585796356,-0.06702563166618347,-0.04200759902596474,-0.0406220518052578,-0.037399742752313614
-0.022746093571186066,0.028597623109817505,0.08596229553222656,0.032372672110795975,0.057013895362615585,-0.014904377982020378,0.018141668289899826,0.09882671386003494,-0.020787736400961876,0.1029578372836113,0.04675351083278656,0.0374714620411396,0.0025626381393522024,0.032413505017757416,-0.004667459987103939,-0.02643272839486599,-0.016604291275143623,0.02183234691619873,-0.015227239578962326,-0.028153197839856148,0.09320704638957977,0.04013233259320259,0.02221665531396866,0.0016525511164218187,0.0004886015085503459,0.04483415186405182,-0.014856786467134953,0.004847483243793249,0.014971164055168629,0.025069916620850563,0.08717364072799683,0.07612282037734985
-0.08095069229602814,-0.04403373599052429,0.033195026218891144,-0.05877931788563728,-0.074379563331604,-0.13295969367027283,-0.08978894352912903,-0.05225663632154465,-0.05515484884381294,0.038798149675130844,-0.07172353565692902,-0.011429603211581707,-0.04859677702188492,-0.03133828938007355,-0.07099143415689468,-0.054627448320388794,-0.06867489218711853,-0.0874810516834259,-0.08196789771318436,-0.032627616077661514,-0.035884007811546326,-0.07595404237508774,-0.046510934829711914,-0.04931006580591202,-0.07335403561592102,-0.040729962289333344,-0.051706381142139435,-0.12269909679889679,-0.07583174854516983,-0.08283042162656784,-0.025933770462870598,-0.07489034533500671
-0.03861868381500244,-0.06959453970193863,-0.04285166412591934,-0.02218584343791008,-0.03157750517129898,-0.05828471481800079,-0.04257296025753021,0.023027537390589714,-0.056258853524923325,0.0018537337891757488,-0.0015583637868985534,0.01612718403339386,0.022298714146018028,-0.0014528016326949,-0.02620178461074829,-0.06028183177113533,-0.02944711223244667,-0.07267573475837708,-0.019973235204815865,-0.06171426922082901,0.019090497866272926,-0.02780217118561268,-0.029304439201951027,-0.0443858876824379,-0.014320737682282925,-0.02954241819679737,-0.029186619445681572,-0.07887670397758484,-0.043039802461862564,-0.03706588223576546,-0.0006847268086858094,0.011375775560736656
-0.041319590061903,-0.10361466556787491,-0.03370197117328644,-0.0804457888007164,-0.09515086561441422,-0.024043764919042587,-0.10132022202014923,-0.061197761446237564,-0.046732060611248016,-0.019065724685788155,-0.08117401599884033,-0.07068580389022827,-0.07902675867080688,-0.03761265054345131,-0.008122716099023819,-0.012105962261557579,-0.017580384388566017,-0.026852399110794067,-0.04286782070994377,-0.04340210556983948,-0.08753135800361633,-0.021969767287373543,-0.04209219291806221,-0.06235656514763832,-0.03711431100964546,-0.07677615433931351,-0.03548227995634079,-0.06795765459537506,-0.10214919596910477,-0.04328037425875664,-0.021988609805703163,-0.09952077269554138
0.026788359507918358,0.04880533367395401,0.012547238729894161,0.009144135750830173,0.017073141410946846,0.022172441706061363,-0.019575009122490883,-0.00903951283544302,-0.01610628142952919,0.07210186123847961,0.04524313285946846,0.0823279321193695,0.05231597647070885,-0.003939331974834204,0.034229859709739685,-0.006082097999751568,0.003924936056137085,0.030738607048988342,-0.053120099008083344,0.048229411244392395,0.055968306958675385,0.07625875622034073,0.002792518585920334,-0.02370249480009079,0.02758275531232357,0.014776485040783882,0.0530216209590435,0.03620639815926552,0.12517313659191132,0.07013438642024994,0.06675568968057632,0.00879858061671257
-0.025996917858719826,-0.0013126555131748319,-0.06920642405748367,-0.09573990106582642,-0.0597597137093544,-0.07825036346912384,-0.1218426376581192,-0.06091684475541115,-0.022251984104514122,0.014524934813380241,-0.13634464144706726,0.008127996698021889,-0.0023455910850316286,-0.08699335157871246,-0.024652712047100067,-0.021088194102048874,-0.059606246650218964,-0.028252428397536278,-0.04792409390211105,-0.04233430698513985,-0.1449723094701767,-0.08994695544242859,-0.04313105717301369,-0.025130651891231537,-0.022278156131505966,-0.07897455245256424,-0.05661505460739136,-0.07593871653079987,-0.02083645574748516,-0.02055833861231804,-0.0514359325170517,-0.05250617489218712
-0.029527539387345314,0.02178715541958809,-0.040948618203401566,-0.05296311154961586,-0.044825803488492966,-0.03604886680841446,-0.042249128222465515,-0.07979044318199158,-0.07414093613624573,0.0017246754141524434,-0.06855552643537521,-0.018280742689967155,0.03803061693906784,-0.026093145832419395,0.012855286709964275,-0.012537538073956966,-0.05268007516860962,-0.025595001876354218,-0.04726965352892876,-0.0405275821685791,-0.02602872997522354,0.012857364490628242,-0.032059043645858765,-0.03845774754881859,-0.01999117247760296,-0.034231964498758316,-0.018560374155640602,-0.018253665417432785,0.04581869766116142,-0.02581026405096054,-0.03584476187825203,-0.002046802081167698
-0.0843818262219429,-0.09983596950769424,-0.046542100608348846,-0.08318869769573212,-0.06320076435804367,-0.03898567333817482,-0.005524926818907261,-0.07552164047956467,-0.06596428155899048,-0.050894107669591904,-0.01574655808508396,-0.021213144063949585,-0.01694258116185665,-0.04733528941869736,-0.03745196387171745,-0.01784949190914631,-0.003790623042732477,-0.06191014498472214,-0.02008379064500332,-0.03851516544818878,-0.1024460643529892,-0.05693669244647026,-0.1037282720208168,-0.021397525444626808,-0.04805634543299675,-0.01486499235033989,-0.009737650863826275,-0.09785272181034088,-0.08533807843923569,-0.042663171887397766,-0.05537974461913109,-0.04601208120584488
0.04599056392908096,0.10774645954370499,0.06804560869932175,0.05304175242781639,-0.018040191382169724,0.03918077424168587,0.027910057455301285,0.015101996250450611,-0.02490641176700592,0.016647644340991974,0.03270985186100006,0.05204614996910095,0.07251764833927155,0.002898041158914566,0.05455036833882332,0.06342454254627228,0.010592743754386902,0.056342776864767075,0.00828501395881176,0.15569043159484863,-0.008958717808127403,0.07211169600486755,-0.008348314091563225,0.036037079989910126,0.03540682792663574,0.03500838950276375,0.05840581655502319,0.02364310249686241,0.06726092100143433,0.007283444982022047,0.04159993305802345,-0.020326919853687286
-0.049675170332193375,-0.019821465015411377,-0.03321896865963936,-0.015907220542430878,-0.05535430833697319,-0.07248032093048096,0.010801110416650772,0.010863550007343292,-0.04189000278711319,-0.03840189054608345,-0.06627056002616882,-0.06353911012411118,-0.07486172020435333,-0.09272399544715881,0.005751266609877348,-0.024682598188519478,-0.1102583035826683,0.007984019815921783,-0.08374138921499252,-0.06357481330633163,-0.012193617410957813,0.02557174302637577,-0.021200494840741158,-0.000538032385520637,-0.02487751841545105,-0.010495866648852825,0.0030700466595590115,-0.03550582751631737,-0.10071870684623718,0.009824689477682114,-0.04155319929122925,-0.08647539466619492
0.03197777271270752,-0.0037087141536176205,-0.04773162305355072,-0.007199680898338556,-0.06966257095336914,-0.002126100705936551,-0.026899537071585655,0.016356119886040688,-0.028011249378323555,-0.037178460508584976,-0.04022182896733284,-0.0007139145163819194,-0.0461089089512825,-0.0761478990316391,-0.04725237190723419,-0.020607855170965195,-0.0862865000963211,-0.0355752669274807,-0.04442097991704941,0.005110342055559158,-0.026561038568615913,0.006678423844277859,-0.027969827875494957,0.008975010365247726,-0.05672622099518776,-0.053872592747211456,0.003283216618001461,-0.039764225482940674,-0.005860668141394854,-0.018711883574724197,-0.01317510288208723,-0.04937891289591789
-0.1147155910730362,-0.0740865096449852,-0.010657955892384052,-0.09973552078008652,-0.07830552756786346,-0.0688738003373146,-0.05409931391477585,-0.09194933623075485,-0.07261001318693161,-0.05593279004096985,-0.029624776914715767,-0.06420479714870453,-0.05480685085058212,-0.009678350761532784,-0.10184966027736664,-0.025573592633008957,-0.014097926206886768,-0.08368741720914841,-0.03804183006286621,-0.10750909894704819,-0.05060798302292824,-0.04591524973511696,-0.04981137067079544,-0.011635232716798782,-0.04879341274499893,-0.053902361541986465,-0.10034193843603134,-0.041202668100595474,-0.061755016446113586,-0.036049339920282364,-0.10740451514720917,-0.007799172308295965
0.05701587349176407,0.035493895411491394,0.05512714385986328,0.01736581139266491,0.006476687267422676,0.06898900866508484,-0.05266249179840088,0.04141312465071678,0.024919435381889343,-0.02800433523952961,0.1257173866033554,0.045699652284383774,0.08587474375963211,-0.011387482285499573,-0.052882276475429535,0.0017400800716131926,0.1460668444633484,-0.026229053735733032,-0.016168387606739998,-0.04280818626284599,-0.027176514267921448,0.03641249239444733,-0.035442743450403214,0.02462688833475113,0.02160033769905567,-0.015593171119689941,0.05304259806871414,-0.021718770265579224,-0.024842949584126472,-0.008800902403891087,0.01671670936048031,0.03794059529900551
-0.07839535176753998,-0.03898870572447777,-0.0003950260579586029,-0.09823430329561234,-0.03346870467066765,-0.07168973982334137,-0.01725226640701294,-0.03558722883462906,-0.0338931530714035,-0.05993952974677086,0.028222862631082535,-0.08344364911317825,0.06007039174437523,-0.02566664293408394,-0.08874420821666718,-0.0338367260992527,0.042953480035066605,-0.10418672114610672,-0.0516989529132843,-0.06000753492116928,-0.06708493828773499,-0.0317637175321579,-0.0159374438226223,-0.06787469238042831,-0.02788941189646721,-0.047970619052648544,-0.06820365786552429,-0.032123979181051254,-0.05398634076118469,-0.08995101600885391,-0.08705811202526093,-0.036927446722984314
-0.04735654592514038,-0.030182022601366043,-0.0310928113758564,-0.04184521734714508,-0.08640135824680328,-0.01720632053911686,-0.03228415921330452,-0.04677073657512665,-0.03577877953648567,-0.020389392971992493,0.030514052137732506,-0.011212010867893696,0.025481179356575012,-0.056092437356710434,-0.08075336366891861,-0.06943624466657639,0.009581954218447208,-0.05303014814853668,-0.016944266855716705,-0.08369971811771393,-0.01784982718527317,-0.05694116652011871,-0.0709153264760971,-0.03401407599449158,-0.044907957315444946,-0.05212228745222092,-0.0882197916507721,-0.05997524783015251,-0.07354225218296051,-0.06031128764152527,-0.017143456265330315,-0.09389806538820267
-0.041429705917835236,-0.04773435369133949,-0.020248686894774437,-0.010265413671731949,-0.05997447669506073,-0.03174996376037598,-0.028808698058128357,-0.043262992054224014,-0.056826233863830566,-0.05301046743988991,-0.07498841732740402,-0.03373980522155762,-0.05653795227408409,-0.04098818078637123,-0.04544532671570778,-0.06027922034263611,-0.02627664990723133,-0.067337267100811,-0.08299622684717178,-0.05193133279681206,0.00979586411267519,-0.058363642543554306,-0.06575354933738708,-0.024685747921466827,-0.06841807812452316,-0.016440285369753838,-0.024720964953303337,-0.0531240813434124,-0.021749816834926605,-0.045630987733602524,-0.04061765596270561,-0.040588825941085815
0.003703231457620859,-0.03485957160592079,0.026530029252171516,0.02879897505044937,-0.003080163849517703,0.007918128743767738,0.03369505703449249,0.03018309734761715,0.02902040258049965,0.04788834601640701,0.10144319385290146,0.011101484298706055,0.026509327813982964,0.017661727964878082,-0.03926049545407295,-0.004309117794036865,0.061099786311388016,-0.0215525534003973,0.011644048616290092,0.045760393142700195,0.0458868034183979,-0.010250469669699669,-0.004145124927163124,0.024768387898802757,-0.0001140795648097992,-0.012750302441418171,-0.014931382611393929,-0.004546273034065962,0.023705841973423958,0.026509061455726624,0.10972747206687927,0.028699934482574463
-0.1500331312417984,-0.020500710234045982,-0.07338981330394745,-0.02650877833366394,-0.061576299369335175,0.013015832751989365,-0.08216571807861328,-0.03797737509012222,-0.019117791205644608,-0.03988250344991684,-0.01583702117204666,-0.038363076746463776,-0.04137310013175011,-0.0523301362991333,-0.06471575796604156,-0.054910529404878616,-0.02774614654481411,-0.06780621409416199,-0.028520427644252777,-0.1083122193813324,-0.07785647362470627,-0.11511999368667603,-0.1176161989569664,-0.06752824038267136,-0.04717084392905235,0.011085824109613895,-0.0942206010222435,-0.1108422577381134,-0.05955158546566963,-0.042277783155441284,-0.037998467683792114,-0.012543171644210815
-0.06471280753612518,-0.04178610071539879,-0.08125045895576477,-0.04255940765142441,-0.02368108183145523,-0.009064886718988419,-0.06321383267641068,0.004370065871626139,-0.029467733576893806,-0.018081894144415855,-0.0021919833961874247,-0.03363161161541939,-0.008608611300587654,-0.10133610665798187,-0.054122645407915115,-0.03137023746967316,-0.020388459786772728,-0.038112983107566833,-0.049996066838502884,-0.011722981929779053,-0.03980910778045654,-0.0432376004755497,-0.054343681782484055,-0.03146547079086304,-0.01191096380352974,0.0011573976371437311,-0.03429466113448143,-0.06923608481884003,-0.03842848539352417,-0.03821190074086189,0.035170380026102066,-0.10080200433731079
-0.04930388927459717,-0.004085433669388294,-0.041074857115745544,-0.02140107937157154,-0.061818454414606094,-0.030271409079432487,-0.05666489899158478,-0.03934265673160553,-0.015699362382292747,-0.035254668444395065,-0.02790059521794319,-0.05513213947415352,-0.08620016276836395,-0.04962366446852684,-0.03723973408341408,-0.08190582692623138,-0.03638171777129173,-0.04322712868452072,-0.12382856756448746,-0.048503391444683075,0.009874416515231133,-0.04575660452246666,-0.0564245730638504,-0.06391377747058868,-0.05935687571763992,-0.039079513400793076,-0.03239239752292633,-0.05216127634048462,-0.03097265027463436,-0.056677624583244324,-0.011932466179132462,-0.0712544173002243
0.023901905864477158,0.06686936318874359,0.03563361242413521,-0.032035376876592636,-0.010232319124042988,0.008041069842875004,0.0006033608806319535,0.012732282280921936,0.013091308996081352,0.0210630614310503,0.02374717965722084,-0.0036656633019447327,0.04864371195435524,-0.021129144355654716,-0.0006692408351227641,0.07604744285345078,0.022306721657514572,0.03978537395596504,-0.0010236012749373913,0.017964771017432213,-0.024449512362480164,0.06988979130983353,0.009301718324422836,0.03241473808884621,0.05364936962723732,-0.0312587209045887,-0.00914039183408022,0.023703953251242638,-0.026138940826058388,0.024741187691688538,0.022562118247151375,-0.021552663296461105
-0.03630957007408142,-0.0452486015856266,-0.0825575515627861,-0.018768997862935066,-0.0473414771258831,-0.06694421917200089,-0.07069326192140579,-0.042276281863451004,-0.032650452107191086,-0.10370528697967529,-0.06952985376119614,-0.1131289079785347,-0.11785276234149933,-0.038981515914201736,-0.025635143741965294,-0.06894584000110626,-0.09362915903329849,-0.030641330406069756,-0.055504217743873596,-0.05129854008555412,-0.0685482919216156,-0.025829201564192772,-0.016156336292624474,-0.03955366089940071,-0.07384645938873291,-0.052196647971868515,-0.08190000057220459,-0.036140017211437225,-0.061928052455186844,-0.058709099888801575,-0.06332201510667801,-0.0714804157614708
-0.012795951217412949,-0.014791619963943958,-0.045640185475349426,-0.026713039726018906,-0.01407345850020647,-0.01198357343673706,-0.021044742316007614,-0.0012040578294545412,0.0010082046501338482,-0.05956648662686348,-0.0023943770211189985,-0.05380911007523537,-0.06279687583446503,-0.0323735848069191,-0.006097851321101189,-0.042292170226573944,-0.05158713832497597,-0.01202765479683876,-0.009045423939824104,-0.0190575048327446,-0.0034684634301811457,0.023185670375823975,-0.025282597169280052,-0.00450327480211854,-0.029663486406207085,-0.0494573712348938,-0.05612121894955635,-0.03272668272256851,-0.03017493151128292,-0.009262917563319206,-0.019157884642481804,-0.041384413838386536
-0.06104644760489464,0.006736428942531347,-0.06176142767071724,0.02098773419857025,-0.05783255398273468,-0.0513664186000824,-0.09108109772205353,-0.06880475580692291,-0.05829301103949547,-0.015839118510484695,-0.03165324777364731,-0.03148902580142021,-0.09176653623580933,-0.06458143889904022,-0.06153180077672005,-0.04010247811675072,0.024307744577527046,-0.0905289351940155,-0.07214561849832535,-0.06974640488624573,-0.043979354202747345,-0.006629046984016895,-0.03907707333564758,-0.06425785273313522,-0.004227055236697197,-0.06323428452014923,-0.06192503124475479,-0.060275133699178696,-0.034721922129392624,-0.04092150554060936,-0.046351730823516846,-0.07479815185070038
0.024765513837337494,0.050899386405944824,0.0629677101969719,0.046841856092214584,-0.012589750811457634,0.05802709609270096,0.04831007868051529,0.008101554587483406,0.07110127061605453,0.022094059735536575,0.021786198019981384,0.04028179869055748,0.013146684505045414,0.03959469497203827,0.009957177564501762,0.006165606435388327,0.07692208886146545,0.024566734209656715,0.042388346046209335,-0.007496269885450602,0.03757454827427864,0.051991987973451614,-0.013832158409059048,0.07790633291006088,0.04090533405542374,0.0036795474588871002,0.011634254828095436,-0.04698164016008377,0.010846735909581184,0.02035434916615486,0.06857835501432419,0.017025688663125038
-0.0617847666144371,-0.05480368435382843,0.00830034725368023,-0.03799813985824585,-0.01563950628042221,-0.007909639738500118,-0.059125207364559174,-0.054301630705595016,-0.07043043524026871,-0.011789869517087936,-0.07508634775876999,-0.05473697930574417,-0.07057265192270279,0.0068977102637290955,-0.07297375798225403,-0.08094315975904465,-0.0595233254134655,-0.054611071944236755,-0.03565555438399315,-0.04591964930295944,-0.032416392117738724,-0.030857548117637634,-0.07177644968032837,-0.040883664041757584,-0.07192988693714142,-0.08454254269599915,-0.03705267235636711,-0.06767359375953674,-0.04190339893102646,-0.040659401565790176,-0.06152820214629173,-0.06882184743881226
-0.022485610097646713,-0.05261306092143059,0.006019660271704197,-0.020631786435842514,-0.011828373186290264,-0.10517504811286926,-0.05626308172941208,0.012880713678896427,-0.0038501163944602013,0.005892064888030291,-0.05749482661485672,-0.0506710559129715,-0.03913017734885216,-0.07615227997303009,-0.04728426784276962,-0.033115122467279434,-0.06991536170244217,-0.04108788073062897,0.0200680922716856,-0.04020434990525246,0.025701167061924934,-0.02300608903169632,-0.0021874590311199427,0.007558812387287617,-0.043089866638183594,-0.07808493822813034,-0.006181581411510706,-0.05342848598957062,-0.0286872498691082,-0.04351582005620003,0.012106921523809433,-0.04717731103301048
-0.06642058491706848,-0.02182251401245594,-0.0770370215177536,-0.03355862572789192,-0.040097013115882874,-0.03858495131134987,-0.03099452145397663,0.031439587473869324,-0.046707697212696075,-0.02375263161957264,-0.053494468331336975,-0.03436465933918953,-0.04596472159028053,-0.04593757167458534,-0.047874219715595245,0.015493160113692284,-0.02703462727367878,-0.04047250375151634,-0.022434547543525696,-0.01716381125152111,-0.022299060598015785,-0.014343696646392345,-0.036082055419683456,-0.09721990674734116,-0.012684988789260387,-0.0529574379324913,-0.0559297613799572,-0.023157741874456406,-0.03554869815707207,-0.0447254553437233,-0.07187138497829437,-0.07333135604858398
0.06316167861223221,0.07140737026929855,0.010241284035146236,0.0683194175362587,0.06954251974821091,0.04340018332004547,0.01790175400674343,0.030172185972332954,0.07036132365465164,-0.005662100855261087,0.03670788183808327,0.04884273558855057,0.03930583968758583,-0.008060816675424576,0.00031207315623760223,0.07229246944189072,0.005568729247897863,-0.0052602654322981834,0.0395987369120121,0.013398763723671436,0.12108873575925827,0.03335663676261902,-0.010406971909105778,0.04281476140022278,-0.002855221973732114,-0.0019261997658759356,0.07911299914121628,-0.0024104451294988394,0.08526379615068436,0.012588066048920155,0.06604954600334167,0.012895584106445312
-0.0746929794549942,-0.10913482308387756,-0.1053943932056427,-0.06583915650844574,0.022873559966683388,0.008293583057820797,-0.020473159849643707,-0.06521106511354446,-0.052831314504146576,0.04565884917974472,-0.036367591470479965,0.011445481330156326,-0.0347396582365036,-0.03529548645019531,-0.07559601217508316,0.010945391841232777,-0.048969514667987823,-0.049191270023584366,-0.0654246062040329,-0.1205822080373764,0.046957578510046005,0.022916758432984352,-0.03515712171792984,-0.09003656357526779,-0.053839460015296936,-0.03692462667822838,0.011191355995833874,-0.04657038301229477,-0.06696767359972,-0.04202265664935112,-0.057473324239254,0.02387913130223751
-0.018173759803175926,-0.001242411439307034,-0.011437889188528061,0.012656142003834248,0.01359244342893362,-0.04554988071322441,-0.027289705350995064,-0.0733228549361229,-0.018553799018263817,0.02391658164560795,-0.06821431964635849,0.0022038156166672707,-0.06310223788022995,-0.022177722305059433,-0.048567622900009155,-0.054033201187849045,-0.07842928916215897,-0.05374892055988312,-0.0034019143786281347,-0.08051206916570663,0.03801429271697998,0.009737665764987469,-0.041418321430683136,-0.025968819856643677,-0.048996251076459885,-0.03526805713772774,-0.04596630111336708,-0.04058926925063133,0.004378281068056822,-0.014879412949085236,-0.009167755953967571,-0.018683472648262978
-0.06399443745613098,-0.04109630361199379,0.0073942323215305805,-0.061098091304302216,-0.10868187248706818,-0.011656779795885086,0.0058449809439480305,-0.013064201921224594,-0.02738177217543125,-0.03081998974084854,-0.041317347437143326,-0.08520855009555817,-0.05278390273451805,-0.08318280428647995,-0.05662277713418007,-0.052290480583906174,-0.06349334865808487,-0.0518227182328701,-0.08946151286363602,-0.0248753372579813,-0.04693220183253288,-0.08171185851097107,-0.041830893605947495,-0.06533902138471603,-0.033018577843904495,-0.07248727977275848,-0.08828520774841309,-0.03476507216691971,-0.06991587579250336,-0.04740418866276741,-0.07618916779756546,-0.06924612820148468
0.050068795680999756,0.04058825597167015,0.044646281749010086,0.06678871810436249,0.026637256145477295,0.09510945528745651,0.021663915365934372,0.03092976100742817,-0.015393612906336784,0.11314515024423599,0.0366925485432148,0.03500738739967346,0.006814492866396904,0.11005601286888123,-0.03555607050657272,-0.013324844650924206,-0.06472134590148926,-0.004321402870118618,-0.019236935302615166,0.05491356551647186,0.07453588396310806,0.05639294534921646,0.04822906106710434,-0.012134082615375519,0.01812460646033287,0.08371040225028992,0.003955473657697439,0.02179630659520626,0.07491476833820343,0.011140845715999603,-0.0013815117999911308,-0.00563935237005353
-0.0688309520483017,-0.06678362935781479,-0.035007476806640625,-0.09456389397382736,-0.051052965223789215,-0.016922421753406525,-0.05184677988290787,-0.050217121839523315,-0.0756702870130539,-0.04636788368225098,-0.05899034067988396,-0.0743233859539032,-0.039017416536808014,-0.012982676737010479,-0.041748419404029846,-0.049165621399879456,-0.08386552333831787,-0.047413937747478485,-0.0171249657869339,-0.07583857327699661,-0.07675183564424515,-0.05689802020788193,-0.03636539354920387,-0.056240424513816833,-0.0711228996515274,-0.0026895354967564344,-0.12475285679101944,-0.03497730568051338,-0.06809207051992416,-0.06972379982471466,-0.05988354980945587,-0.06095263361930847
-0.035531457513570786,-0.05140824615955353,-0.04710979387164116,-0.0007000825135037303,-0.027800319716334343,-0.025903796777129173,-0.04627750813961029,-0.020288687199354172,-0.05285913497209549,0.022058192640542984,-0.03431388735771179,-0.025277525186538696,-0.03796751797199249,0.04193626716732979,-0.09099725633859634,-0.03120209090411663,-0.06299612671136856,-0.052591584622859955,-0.06801797449588776,-0.049765076488256454,-0.007514737546443939,0.006482508033514023,-0.015546092763543129,-0.06212560832500458,-0.03968358784914017,0.0019792476668953896,-0.05346943438053131,-0.06674966961145401,0.01601395756006241,-0.027236152440309525,0.015088043175637722,-0.027240237221121788
-0.026003606617450714,-0.07685830444097519,-0.05409936606884003,-0.07030866295099258,-0.026494016870856285,-0.029757581651210785,-0.03620468080043793,-0.026014229282736778,-0.062396060675382614,-0.11613665521144867,-0.04528377205133438,-0.03962582349777222,-0.019629565998911858,-0.012868979945778847,-0.05383323132991791,-0.04309545457363129,-0.047893743962049484,-0.05785469710826874,-0.023182790726423264,-0.08858723938465118,-0.10673597455024719,-0.06832040846347809,-0.0283128060400486,-0.05947403982281685,-0.06309761852025986,-0.06776843965053558,-0.031215915456414223,-0.0414838083088398,-0.0832977145910263,-0.009323840029537678,-0.049331385642290115,-0.05800560116767883
0.01833435520529747,0.03427126631140709,0.01317476388067007,0.09063345938920975,0.022652743384242058,0.04381566494703293,0.05540794879198074,0.030367836356163025,0.011462569236755371,0.022062167525291443,-0.02639569342136383,0.02623266912996769,0.04359444975852966,0.14868587255477905,0.003925459459424019,0.045291636139154434,0.016928205266594887,0.08141480386257172,-0.026635844260454178,0.024099286645650864,0.002564359223470092,0.12627796828746796,0.06150810793042183,0.012574449181556702,0.009390747174620628,-0.01570616103708744,0.06589090079069138,0.016930004581809044,0.02501560188829899,0.02122429758310318,-0.009281723760068417,0.11219777911901474
-0.0387175977230072,-0.07229818403720856,-0.07415105402469635,-0.08248518407344818,0.011804673820734024,-0.04918958991765976,-0.08925691992044449,-0.03036300092935562,-0.08727896213531494,-0.0753394365310669,-0.05507221072912216,-0.007677531335502863,-0.0012601447524502873,-0.03254884108901024,-0.10533387959003448,-0.020701488479971886,-0.04109061136841774,-0.05288832634687424,-0.031090211123228073,-0.14747793972492218,-0.08097095787525177,-0.12362653017044067,-0.02736659161746502,-0.09826552122831345,-0.040656641125679016,-0.09202291071414948,-0.015287886373698711,-0.025429880246520042,-0.05208927392959595,-0.08652663975954056,-0.020190484821796417,-0.009965826757252216
0.015384804457426071,-0.04302998632192612,-0.019879795610904694,-0.014430345967411995,0.016805525869131088,-0.009217717684805393,-0.008888970129191875,-0.10208897292613983,-0.04082569107413292,-0.03119722567498684,-0.05315185338258743,-0.006172915920615196,0.0005364733515307307,-0.026947375386953354,-0.011658074334263802,0.00956835225224495,0.0038761692121624947,-0.015965716913342476,-0.031310949474573135,-0.06217331811785698,-0.027981489896774292,0.0036749267019331455,-0.00808477122336626,-0.08797138929367065,-0.023657068610191345,-0.027452154085040092,0.009785656817257404,-0.0864664763212204,-0.034233249723911285,-0.03571062907576561,-0.011306003667414188,-0.003197416430339217
-0.027990121394395828,-0.03838503360748291,-0.018552158027887344,-0.032526466995477676,-0.06524674594402313,-0.019635839387774467,-0.08086448162794113,-0.05997385457158089,-0.05658472701907158,-0.029558027163147926,-0.025351926684379578,-0.06429477035999298,0.008425136096775532,-0.03688950091600418,-0.07355724275112152,-0.04252791777253151,-0.04528025910258293,-0.06863728910684586,-0.012454251758754253,-0.035027243196964264,-0.026614150032401085,-0.10437126457691193,-0.08189089596271515,-0.005314440466463566,-0.0774286761879921,-0.06493335217237473,-0.07108385860919952,-0.04803406074643135,-0.008972725830972195,-0.022511761635541916,-0.03492142632603645,-0.07485683262348175
0.0855514332652092,0.10559507459402084,0.04543603956699371,0.005134477745741606,0.06582074612379074,0.02460256777703762,0.08021477609872818,0.004906355869024992,0.018257595598697662,0.031203661113977432,-0.03845773637294769,0.0271205622702837,0.019703229889273643,0.05443378537893295,0.01595797762274742,0.06225007772445679,0.01376600656658411,-0.03767356276512146,0.0328218936920166,0.06233859807252884,0.011945392936468124,0.03161998838186264,0.0765756294131279,-0.007356932852417231,-0.004258900880813599,0.029015734791755676,0.027633022516965866,0.018463052809238434,-0.011441991664469242,0.01715640164911747,0.04440581053495407,0.038952942937612534
-0.059254854917526245,0.042153168469667435,0.008423532359302044,-0.015521764755249023,-0.05679888278245926,-0.014326866716146469,-0.048466116189956665,-0.0670943558216095,-0.08233323693275452,-0.0293959341943264,-0.1077088937163353,-0.025978613644838333,-0.02128702774643898,-0.0926801785826683,-0.08200541883707047,-0.05025160685181618,-0.0633874163031578,-0.10431808978319168,-0.038350678980350494,-0.0429106205701828,-0.0020678858272731304,-0.08359844982624054,-0.012068643234670162,-0.08784299343824387,-0.055073369294404984,-0.06597631424665451,-0.024733880534768105,0.002550616627559066,-0.02035965770483017,-0.10735046118497849,-0.0054742940701544285,-0.03671376034617424
-0.027651676908135414,-0.0034544102381914854,0.03924745321273804,-0.0026981111150234938,-0.009381298907101154,-0.046692270785570145,-0.030733315274119377,-0.04069267958402634,-0.027023060247302055,0.012854225002229214,-0.07534720748662949,0.0017942381091415882,-0.05740896984934807,0.009182226844131947,-0.010939360596239567,-0.0028219004161655903,-0.032413020730018616,-0.0654165968298912,-0.09638968110084534,-0.005225640721619129,-0.04437900707125664,-0.021823856979608536,0.019657926633954048,-0.06082061305642128,-0.009482868015766144,-0.00381645979359746,-0.0036950032226741314,-0.017969006672501564,-0.036105528473854065,-0.052359335124492645,0.010947559960186481,0.06285054236650467
0.01316763460636139,-0.02845599316060543,-0.023119455203413963,-0.06051577627658844,-0.036641526967287064,-0.033317357301712036,-0.03352805972099304,-0.05249631404876709,-0.07217007130384445,-0.0708124116063118,-0.007368804886937141,-0.08677682280540466,-0.05152663588523865,-0.10978244245052338,-0.05643421784043312,-0.07764691859483719,-0.026859857141971588,-0.05960364267230034,-0.06305801868438721,-0.06558199226856232,0.013484806753695011,-0.03185918182134628,-0.07865959405899048,-0.06653742492198944,-0.041971225291490555,-0.04553213715553284,-0.06400513648986816,-0.05848046392202377,-0.059802934527397156,-0.04923931136727333,-0.0008792036096565425,-0.05505775660276413
0.05963830649852753,0.06030410900712013,0.030130986124277115,0.11210441589355469,-0.06270108371973038,0.08965892344713211,0.04424033313989639,0.07842911034822464,0.05130026489496231,0.054111629724502563,0.034325990825891495,-0.02499236725270748,-0.03782212361693382,-0.0034733719658106565,0.013876157812774181,-0.00016878265887498856,0.09069766849279404,0.09237556159496307,0.040137168020009995,0.10197281837463379,0.057250212877988815,0.0037633359897881746,0.018729280680418015,0.05783041566610336,0.016497734934091568,0.016220148652791977,0.11706560105085373,0.03970508277416229,-0.004179939161986113,-0.0527200847864151,0.027534162625670433,0.05784321203827858
-0.05234161764383316,-0.03939766809344292,-0.02365112490952015,-0.057794004678726196,-0.022483618929982185,-0.05924094468355179,-0.08633239567279816,-0.005962468218058348,0.006266951560974121,-0.08682530373334885,0.003595517249777913,-0.06389963626861572,-0.02140095643699169,-0.05544699355959892,-0.016313090920448303,-0.1126394048333168,0.03311202675104141,-0.06861820816993713,-0.10256648063659668,-0.059445571154356,-0.027577638626098633,-0.009757591411471367,-0.09256990253925323,-0.00783860869705677,-0.05022982135415077,-0.07077998667955399,-0.0020294953137636185,-0.047948792576789856,-0.0475270114839077,-0.0578523688018322,-0.031987082213163376,-0.012032139115035534
-0.03444412350654602,-0.03145347163081169,-0.014477717690169811,0.01263448130339384,0.005517327692359686,-0.062213338911533356,-0.06326805055141449,0.01785154826939106,0.006343739572912455,-0.004381832666695118,-0.006600352004170418,-0.04802737757563591,-0.07135803997516632,-0.0008114769589155912,-0.004083766136318445,-0.06540442258119583,-0.035206083208322525,0.0319778248667717,-0.019871480762958527,0.026184983551502228,-0.011157013475894928,0.012035885825753212,-0.025803979486227036,0.026663051918148994,-0.040582310408353806,-0.02961757220327854,0.052038516849279404,-0.010960760526359081,-0.02961222641170025,-0.019798433408141136,-0.03263203799724579,-0.009432013146579266
-0.05927233770489693,-0.06250640749931335,-0.06795597076416016,-0.04016238451004028,-0.016461748629808426,-0.0658034011721611,-0.018892213702201843,-0.015570438466966152,-0.06546976417303085,-0.058066997677087784,0.03737994283437729,-0.041113995015621185,-0.04283536970615387,-0.024926135316491127,-0.057599663734436035,-0.039757177233695984,-0.03021268919110298,-0.08940266817808151,-0.03044082410633564,-0.08723513782024384,-0.038657043129205704,-0.020154818892478943,-0.019206475466489792,-0.025021396577358246,-0.07543502748012543,-0.05238214507699013,-0.08476465195417404,-0.08107969164848328,-0.02677995152771473,-0.027388261631131172,0.01715746894478798,-0.0233236625790596
0.017286159098148346,-0.009015551768243313,0.02811102755367756,0.10057441890239716,0.003683781251311302,0.08652959018945694,0.0021235833410173655,-0.027800768613815308,0.03379775956273079,0.06850888580083847,0.031435415148735046,0.07493379712104797,-0.0035861199721693993,-0.009005336090922356,0.017831845209002495,0.05512325093150139,0.006418608594685793,0.11673068255186081,0.02223416231572628,0.06459352374076843,0.04142047092318535,0.060007061809301376,0.003992891870439053,0.08017434924840927,0.01099716778844595,0.06247936934232712,0.13179445266723633,0.01323153730481863,0.0028210997115820646,-0.0035937605425715446,0.09416327625513077,0.023318681865930557
-0.041100770235061646,-0.026117010042071342,-0.06630202382802963,-0.07415059208869934,-0.021205009892582893,-0.07077650725841522,-0.048825688660144806,-0.09368055313825607,-0.014758724719285965,-0.0955510064959526,-0.036823030561208725,-0.050207920372486115,-0.029602866619825363,-0.034065812826156616,-0.007240729872137308,-0.046413030475378036,-0.08600066602230072,-0.0017231889069080353,-0.07245250046253204,0.00267863180488348,-0.053412169218063354,-0.0417390912771225,-0.0576828271150589,-0.049705713987350464,-0.07861174643039703,0.006554816849529743,-0.008120380342006683,-0.061318539083004,-0.0007985846605151892,-0.08339253067970276,-0.045322831720113754,-0.07322991639375687
-0.01612132415175438,-0.04364863783121109,-0.007072691339999437,-0.048929959535598755,9.306520223617554e-05,-0.041974231600761414,-0.08893871307373047,-0.0536297932267189,-0.017871929332613945,-0.03256737440824509,-0.0019180693197995424,-0.04177068546414375,-0.013506966643035412,-0.006557019427418709,-0.010201992467045784,-0.011577003635466099,-0.007518761791288853,0.04989046975970268,-0.08733892440795898,0.01965099573135376,-0.03475343436002731,-0.049496300518512726,-0.045766789466142654,-0.001043186872266233,-0.0059882160276174545,0.009656394831836224,-0.002734158653765917,-0.02649376168847084,0.007446836214512587,-0.038655877113342285,-0.027427077293395996,-0.03434840217232704
-0.052368391305208206,-0.051371727138757706,-0.058821044862270355,-0.09276585280895233,-0.029482824727892876,-0.0038519753143191338,-0.04386131092905998,-0.04725252091884613,-0.0135660944506526,-0.0654279813170433,0.008985164575278759,-0.06399700790643692,-0.0670270025730133,-0.03503970056772232,-0.06075064092874527,-0.05308179929852486,-0.042200881987810135,-0.0521358959376812,-0.036036841571331024,-0.060582879930734634,-0.05314293131232262,-0.03914378210902214,-0.0835035890340805,-0.04096643254160881,-0.0547703392803669,-0.04371921718120575,-0.07854552567005157,-0.09478747099637985,-0.018765658140182495,-0.07993192225694656,-0.07398497313261032,-0.050139445811510086
-0.0047517018392682076,-0.006292830687016249,-0.02768051065504551,0.11023781448602676,0.024554796516895294,0.02636939287185669,-0.010480065830051899,0.02342141419649124,-0.0044714012183249,-0.028208697214722633,0.08207567781209946,0.05909516289830208,0.044694818556308746,0.030490709468722343,0.022525014355778694,-0.011188714765012264,0.10768851637840271,0.032167669385671616,0.01783117651939392,-0.0063942428678274155,0.031316760927438736,0.04925312101840973,-0.002724356483668089,0.04890267178416252,0.0524316281080246,0.002421135548502207,-0.028660040348768234,-0.01918167620897293,0.009826146066188812,-0.0006186057580634952,0.06654354929924011,0.09906542301177979
-0.056786734610795975,-0.02835456095635891,-0.06256727129220963,-0.03359275311231613,-0.01761719211935997,-0.0419747531414032,-0.00955516193062067,-0.02260037511587143,-0.028374942019581795,-0.08590880036354065,0.007754024583846331,-0.07445155829191208,-0.1170240193605423,-0.03124912828207016,-0.05380746349692345,-0.04905664920806885,0.036594320088624954,-0.034626152366399765,-0.12544997036457062,-0.033297568559646606,-0.0760529562830925,-0.045424606651067734,-0.04533872753381729,-0.10750608891248703,-0.024351943284273148,-0.030842294916510582,-0.10461284965276718,-0.05774793028831482,-0.05151320621371269,-0.08860145509243011,-0.04651107266545296,-0.04891475662589073
-0.022508613765239716,-0.049544066190719604,-0.04370345547795296,-0.02114260010421276,-0.019196057692170143,-0.014952866360545158,0.013867936097085476,0.007633976638317108,-0.01790875382721424,-0.036203887313604355,0.016632119193673134,0.012931600213050842,-0.01985938288271427,-0.01290656253695488,-0.06792374700307846,-0.030507318675518036,0.02335466258227825,0.0038619940169155598,-0.035357363522052765,-0.056677065789699554,-0.01631992682814598,0.00625910609960556,-0.02091691642999649,-0.04348933696746826,0.005363281816244125,-0.01701297052204609,-0.05956798791885376,-0.023035792633891106,-0.05506201088428497,-0.04312458634376526,-0.02490825578570366,0.0019832635298371315
-0.07533665746450424,-0.030745461583137512,-0.08010315895080566,-0.018735315650701523,-0.018368598073720932,-0.034147150814533234,-0.012132021598517895,-0.048362474888563156,-0.04591884836554527,-0.04531995207071304,-0.12348518520593643,0.0053855422884225845,-0.05790749564766884,-0.0178920216858387,-0.11854276061058044,-0.049831364303827286,-0.06360045075416565,-0.05085474252700806,-0.043183550238609314,-0.036354370415210724,-0.11107484251260757,-0.0761399194598198,-0.06699900329113007,-0.03588041290640831,-0.05278908461332321,-0.049026791006326675,-0.08269759267568588,-0.0709691271185875,-0.047108810395002365,-0.0066686393693089485,-0.04000270739197731,-0.03925957530736923
-0.021471058949828148,0.08202886581420898,-0.04341748729348183,0.03093719109892845,0.03386237472295761,0.07645305246114731,0.023898467421531677,0.0018627640092745423,0.027288757264614105,0.016093136742711067,0.03984789922833443,0.048675935715436935,0.018222227692604065,-0.005268144886940718,-0.012044860050082207,0.06410056352615356,0.052543144673109055,0.06590931862592697,0.05253869667649269,0.004759873263537884,-0.029951900243759155,0.03378206118941307,0.046596087515354156,0.05348316580057144,0.04608440771698952,-0.026512809097766876,0.001621240982785821,-0.038788117468357086,-0.005875798873603344,0.007848244160413742,-0.012076412327587605,0.07947764545679092
-0.07642186433076859,-0.04702533408999443,-0.05556957423686981,-0.0819334164261818,-0.06716922670602798,-0.05442572757601738,-0.03663451969623566,-0.013255552388727665,-0.08282884210348129,-0.05262898653745651,-0.10650407522916794,-0.06380400061607361,-0.11418241262435913,-0.02228342741727829,-0.04721745476126671,-0.047734763473272324,-0.09310916066169739,-0.021846001967787743,-0.11842615902423859,-0.04402757063508034,-0.08189605921506882,-0.053374066948890686,-0.029675448313355446,-0.07019627839326859,-0.09261796623468399,-0.05223945155739784,-0.09616448730230331,-0.028348302468657494,-0.04112103208899498,-0.037046145647764206,-0.026634711772203445,-0.03196500614285469
-0.047249749302864075,-0.027565747499465942,-0.0808420404791832,-0.04275357723236084,-0.04056405648589134,-0.020384857431054115,-0.04619189351797104,-0.09813569486141205,-0.05531250312924385,-0.0724525973200798,-0.061679475009441376,-0.012764650397002697,-0.016922537237405777,-0.011848055757582188,-0.022506916895508766,-0.00760734174400568,-0.03342897444963455,0.011614111252129078,-0.03756089508533478,0.009529230184853077,-0.05353906378149986,-0.034045472741127014,-0.043960634618997574,-0.03461843729019165,-0.00939555000513792,-0.032824836671352386,-0.07646431773900986,-0.03276105225086212,-0.04145995154976845,-0.04064178094267845,-0.03203412517905235,0.017934473231434822
-0.06983578205108643,-0.07600899785757065,-0.08875822275876999,-0.03145436942577362,-0.06073461100459099,-0.04529055953025818,-0.05127611383795738,-0.07891684770584106,-0.0828135758638382,-0.0381203256547451,-0.049236949533224106,-0.06962807476520538,-0.016227059066295624,-0.08768721669912338,-0.05223016068339348,-0.05565140023827553,-0.0817677229642868,-0.05209341645240784,-0.042640380561351776,-0.034498538821935654,-0.04267341271042824,-0.07081469893455505,-0.04875565320253372,-0.0823383703827858,-0.07264488190412521,-0.01818450726568699,-0.0675748735666275,-0.04199635982513428,-0.05428397282958031,-0.0730079635977745,-0.04210774227976799,0.047946084290742874
-0.03852803632616997,0.047387510538101196,0.024012621492147446,0.04921866953372955,-0.01937616989016533,0.028738312423229218,0.03665664419531822,0.05527745187282562,-0.006452761124819517,0.05243423953652382,-0.028400897979736328,0.06795322895050049,0.06603983789682388,0.023290785029530525,0.01286205556243658,0.045917004346847534,-0.01710023730993271,0.07764546573162079,0.029659902676939964,0.1264033168554306,0.031907737255096436,-0.01281819585710764,-0.00603481475263834,-0.05842157453298569,0.07743780314922333,0.028202302753925323,0.00787253025919199,-0.011015558615326881,0.031183237209916115,0.006846655160188675,0.013103165663778782,0.035245273262262344
-0.1079244390130043,-0.053746260702610016,-0.04740898311138153,-0.002760666888207197,-0.060093771666288376,-0.12368582934141159,-0.07404958456754684,-0.034727081656455994,-0.05482177063822746,-0.052343498915433884,-0.010777950286865234,-0.03974463790655136,-0.04994010925292969,-0.11639826744794846,-0.029430726543068886,-0.10718714445829391,-0.05413387715816498,-0.08095475286245346,-0.1111529991030693,-0.059521086513996124,-0.047984976321458817,-0.048672277480363846,-0.0783601626753807,-0.08546683192253113,-0.09831710159778595,-0.04142620787024498,-0.08717619627714157,-0.05491859093308449,-0.023920508101582527,-0.05952704697847366,-0.013047143816947937,-0.04164588078856468
-0.0791441798210144,-0.031529802829027176,0.016005776822566986,0.03016229346394539,-0.05675758793950081,-0.09279290586709976,-0.00949131604284048,0.034655436873435974,-0.057377949357032776,-0.07147274166345596,-0.05550775304436684,-0.05024031177163124,-0.025454865768551826,-0.02406398393213749,-0.03407445549964905,-0.0673014372587204,-0.003097190521657467,-0.00404157442972064,-0.0665152370929718,0.006641712039709091,-0.02320457436144352,-0.043665092438459396,-0.01581665500998497,-0.05350754037499428,-0.029161978513002396,-0.019716689363121986,-0.03927448019385338,-0.03488883376121521,-0.02324291318655014,0.0012469879584386945,0.004499129019677639,-0.05960824713110924
-0.044200289994478226,-0.04393082857131958,-0.047463882714509964,-0.04227098077535629,-0.06971359997987747,-0.04240086302161217,-0.07619348168373108,-0.07866010069847107,-0.0558791346848011,-0.08809144049882889,-0.040978480130434036,-0.11527737975120544,-0.004933428019285202,-0.03946569561958313,-0.03263218700885773,-0.029672564938664436,-0.04144502803683281,-0.06926216930150986,-0.04854061082005501,-0.06718672066926956,-0.013236450031399727,-0.005104862153530121,-0.01837470754981041,-0.05165664851665497,0.020735736936330795,-0.08573158830404282,0.03174811601638794,-0.01968665048480034,-0.027072666212916374,-0.06240677833557129,-0.001155699836090207,-0.04385383054614067
-0.011472618207335472,0.031427185982465744,0.010526022873818874,0.11103694140911102,-0.0088510662317276,-0.00805920735001564,0.017855020239949226,0.08181937783956528,-0.021490557119250298,0.05635525658726692,0.024617565795779228,0.0034990645945072174,0.04576318711042404,0.019190602004528046,-0.04189186915755272,-0.011193688958883286,0.009308409877121449,0.06636124104261398,0.003220129292458296,0.09562569856643677,0.017671894282102585,0.046827271580696106,0.008225817233324051,-0.021485811099410057,0.01853422448039055,-0.032382119446992874,0.010307742282748222,0.02702196314930916,0.03609555959701538,0.025511609390378,0.037967681884765625,0.008560540154576302
-0.08792190998792648,-0.02906361036002636,-0.05463892221450806,0.001299387775361538,-0.022631771862506866,-0.0824366956949234,-0.049906834959983826,-0.09139072895050049,-0.05848865211009979,-0.12197208404541016,-0.07089951634407043,-0.1359068900346756,-0.037529606372117996,-0.070113904774189,-0.03475131466984749,-0.058152779936790466,-0.03029675781726837,-0.05888931825757027,-0.035385243594646454,-0.016340084373950958,0.0011635387782007456,-0.06219230592250824,-0.06547098606824875,-0.037611111998558044,-0.06026215851306915,-0.041479431092739105,-0.004030879586935043,-0.060118913650512695,-0.024683602154254913,-0.004295261576771736,-0.036281391978263855,-0.05565221607685089
-0.05959262326359749,0.038381267338991165,-0.02689361944794655,0.018285579979419708,-0.018325723707675934,-0.02592148259282112,-0.021834896877408028,-0.04060940444469452,-0.04854101315140724,-0.019689155742526054,-0.03632659092545509,-0.04548497125506401,-0.010756127536296844,-0.01190152671188116,-0.04688512533903122,-0.04887284338474274,-0.02556769736111164,0.00021157413721084595,-0.013732919469475746,-0.03581111133098602,-0.028552517294883728,-0.0480690598487854,-0.03989418223500252,-0.04762697219848633,-0.04471147805452347,-0.04871320351958275,-0.050756894052028656,-0.023189138621091843,-0.04017438367009163,0.04438556358218193,-0.03966149315237999,-0.01024045143276453
-0.058275818824768066,-0.0698859915137291,-0.006178873125463724,-0.10389450937509537,-0.08282466977834702,-0.04265068098902702,-0.03831307217478752,-0.023452170193195343,-0.03166690096259117,-0.08154799044132233,-0.06142553314566612,-0.05355890095233917,-0.03542819619178772,-0.04268089681863785,-0.0371834859251976,-0.013585585169494152,-0.02241472154855728,-0.020581388846039772,-0.0859312191605568,-0.06391234695911407,-0.028769580647349358,0.025569213554263115,-0.026686327531933784,-0.04855179414153099,-0.016605298966169357,-0.06709776818752289,0.010981697589159012,-0.0833611935377121,-0.0750357136130333,-0.021799184381961823,-0.018283432349562645,-0.08775638043880463
0.02671370841562748,-0.005364131182432175,-0.04660052806138992,-0.06738905608654022,0.055042609572410583,0.06821437925100327,0.009217256680130959,-0.019913723692297935,0.01876157335937023,0.11599899083375931,0.11574302613735199,-0.03466958552598953,0.0670841708779335,0.0552922859787941,-0.028689270839095116,0.008547862991690636,-0.0371902659535408,0.09997038543224335,0.020939229056239128,0.037340063601732254,0.02833108976483345,0.059569887816905975,0.06932563334703445,0.009438425302505493,0.018893038854002953,0.023128677159547806,-0.018857499584555626,0.02542872540652752,0.05609353259205818,0.059546176344156265,-0.004741751588881016,0.026053834706544876
-0.03674531728029251,-0.03017987497150898,0.007509424816817045,-0.10300800204277039,-0.013537147082388401,-0.07752950489521027,-0.04940317943692207,0.015130815096199512,-0.029007956385612488,-0.03891443461179733,-0.05215418338775635,-0.0693289265036583,-0.05542052537202835,-0.026941651478409767,-0.03554223105311394,-0.0006197168258950114,-0.036794260144233704,0.002052501542493701,-0.02476174384355545,-0.12925967574119568,-0.09593206644058228,0.023551609367132187,0.007435925770550966,-0.050898950546979904,-0.03727499023079872,-0.05160713940858841,-0.021291082724928856,-0.029941461980342865,-0.04058840498328209,-0.051708612591028214,-0.10182849317789078,-0.013619625009596348
-0.0018855942180380225,-0.031093768775463104,0.031218310818076134,-0.08276321738958359,0.026871027424931526,-0.005303861107677221,-0.027090473100543022,-0.021166596561670303,0.008409770205616951,0.011291645467281342,0.005481198895722628,-0.04072015359997749,0.006249312311410904,-0.0028204326517879963,-0.020860789343714714,0.03383822366595268,-0.016428854316473007,-0.0056108105927705765,-0.04188212752342224,-0.0449959971010685,-0.07357237488031387,0.014869771897792816,0.049742192029953,-0.05807819962501526,-0.03256724774837494,-0.009397578425705433,0.00013202056288719177,-0.0004904399975202978,-0.014166644774377346,-0.02464798465371132,-0.06501289457082748,0.010286797769367695
-0.09149530529975891,-0.031567953526973724,-0.032407015562057495,-0.015080468729138374,-0.06602233648300171,-0.044167980551719666,-0.0059242844581604,-0.031879886984825134,-0.06839434802532196,-0.01704753376543522,-0.05385267361998558,-0.04776005074381828,-0.11733231693506241,-0.07752702385187149,-0.07287457585334778,-0.05982288345694542,-0.01296501699835062,-0.06883551180362701,-0.028278345242142677,-0.05809018015861511,-0.03397097811102867,0.0012787786545231938,-0.10089166462421417,-0.057459231466054916,-0.046235524117946625,-0.06797543168067932,-0.032915934920310974,-0.04648583382368088,-0.03954770788550377,-0.10921857506036758,-0.07430204749107361,-0.06632930785417557
0.007757551968097687,0.030166134238243103,0.04556288942694664,0.007467580493539572,0.022711653262376785,0.044560302048921585,0.009989478625357151,-0.0040906500071287155,0.0443229079246521,0.07692126929759979,0.03441741317510605,0.0005955023807473481,0.04754897207021713,0.009777545928955078,-0.012748915702104568,0.08232403546571732,0.04752185940742493,0.009565702639520168,0.006348537281155586,-0.011751172132790089,0.024198535829782486,0.0721234604716301,0.030628710985183716,-0.0028411648236215115,-0.03651029244065285,0.10089679062366486,-0.03241095319390297,0.026552554219961166,0.03480110689997673,-0.03317593038082123,-0.0040330179035663605,0.034860167652368546
-0.06338994950056076,-0.07085095345973969,-0.1045914739370346,-0.024129295721650124,-0.08958885818719864,0.003039813367649913,-0.04184724763035774,-0.0832618921995163,-0.05169510096311569,-0.036582961678504944,-0.048538487404584885,0.003985290415585041,-0.02205676957964897,-0.18380744755268097,-0.041276395320892334,-0.04226791113615036,-0.0484011285007,-0.047946784645318985,-0.05663847550749779,-0.07279696315526962,0.008502556011080742,-0.03464598208665848,-0.04223799705505371,-0.0033676978200674057,-0.0085457693785429,-0.02534518949687481,-0.05110035836696625,-0.09521246701478958,0.001141514047048986,-0.09568733721971512,-0.0443342886865139,0.0183318592607975
-0.06598739326000214,-0.003090829588472843,-0.05214473977684975,0.019022824242711067,-0.08928646892309189,-0.0011405269615352154,-0.023720543831586838,-0.02113654650747776,0.01467166468501091,-0.0562724694609642,0.023235881701111794,-0.06978490948677063,-0.002790357917547226,-0.10903318971395493,0.0020068539306521416,-0.02701188623905182,-0.022825174033641815,-0.04651748389005661,-0.029227647930383682,-0.024661539122462273,0.010461411438882351,-0.008620133623480797,-0.04196907952427864,-0.02265258878469467,-0.047016989439725876,0.01222518365830183,-0.055514466017484665,-0.05692001059651375,-0.012269437313079834,-0.03171985596418381,-0.047212906181812286,-0.0061788251623511314
-0.07614406198263168,-0.10366499423980713,-0.01031204592436552,-0.05190879851579666,0.01065257377922535,-0.026620881631970406,-0.04795365780591965,-0.09065372496843338,-0.043128322809934616,-0.0063235401175916195,-0.09624984860420227,-0.02853572927415371,-0.07688645273447037,0.008946980349719524,-0.07461213320493698,-0.04124648869037628,-0.0636848732829094,-0.025611991062760353,-0.01977137103676796,-0.040393002331256866,-0.05726539343595505,-0.04218000918626785,-0.025013746693730354,-0.09330915659666061,-0.008138652890920639,-0.04124757647514343,-0.02776351198554039,-0.048538561910390854,-0.05038261413574219,-0.031667210161685944,-0.05932939797639847,-0.03927018120884895
-6.152503192424774e-05,0.027370501309633255,0.05825527384877205,0.06560889631509781,0.03710980713367462,0.03875014930963516,0.05377454310655594,0.022939622402191162,0.01670943573117256,0.004828504286706448,-0.01640714518725872,-0.00420096330344677,0.036437924951314926,0.016901148483157158,0.002029620809480548,0.025941813364624977,0.021961713209748268,0.03564104065299034,-0.003299437463283539,0.03222810477018356,0.01712682656943798,0.055305711925029755,0.0344453863799572,0.02137225680053234,0.019228942692279816,0.07300957292318344,0.024991219863295555,-0.016922274604439735,0.004947043024003506,0.020487887784838676,0.06264390051364899,0.013598216697573662
-0.03466074541211128,-0.07371897250413895,-0.010203351266682148,0.015040931291878223,-0.06222334876656532,-0.0016738103004172444,-0.0727897509932518,-0.10349150747060776,-0.07414982467889786,-0.04079412668943405,-0.06514972448348999,-0.03578553348779678,-0.06911952048540115,0.02290140651166439,-0.06563111394643784,-0.036751944571733475,-0.03633015230298042,-0.02717779576778412,-0.018225302919745445,-0.02875378355383873,-0.05768243595957756,-0.10368069261312485,-0.09210415929555893,-0.042749855667352676,-0.013339834287762642,0.0043058013543486595,-0.07157722860574722,-0.029378511011600494,-0.014841127209365368,-0.07751452177762985,-0.018928755074739456,-0.07439057528972626
-0.06374266743659973,-0.05803639069199562,-0.020241159945726395,0.00843967404216528,-0.019053597003221512,-0.006920448038727045,-0.004001800436526537,-0.07170466333627701,-0.049179624766111374,-0.023416263982653618,-0.0129158403724432,-0.036816034466028214,-0.025861088186502457,-0.0012330536264926195,-0.058729808777570724,-0.03938865289092064,-0.023588793352246284,0.006085996516048908,-0.028226338326931,-0.028992749750614166,-0.033168941736221313,-0.02277342416346073,-0.04615616425871849,-0.02986556850373745,-0.025739626958966255,0.014218602329492569,-0.08395659178495407,-0.041144199669361115,0.0062474715523421764,-0.011131121776998043,-0.011357047595083714,-0.03630167245864868
-0.037348002195358276,-0.05198131501674652,-0.05238383263349533,-0.10149604082107544,-0.039242956787347794,-0.02203475683927536,-0.03853791579604149,-0.07722340524196625,-0.017611846327781677,-0.04823058098554611,-0.02285817079246044,-0.053826119750738144,-0.06429936736822128,-0.01840745285153389,-0.03203815966844559,-0.08439720422029495,-0.07163017988204956,-0.027666224166750908,-0.11764803528785706,-0.013287192210555077,0.005309851840138435,0.0038589448668062687,-0.04210737347602844,-0.03620205074548721,-0.03876170888543129,-0.039322901517152786,-0.044646915048360825,-0.03523153439164162,-0.051410309970378876,-0.06155737116932869,-0.05518787354230881,-0.05028471350669861
0.039228275418281555,0.05872350558638573,0.01766982488334179,0.0679083988070488,0.0214366614818573,0.0618613064289093,0.06088687852025032,0.026328198611736298,-0.005794618744403124,-0.030822629109025,0.027999792248010635,-0.0312031377106905,0.04829491674900055,0.005603787023574114,0.02167154662311077,-0.00021361559629440308,0.010152395814657211,0.05653129145503044,-0.03695191815495491,0.039394449442625046,0.018843717873096466,-0.021439285948872566,0.01000436581671238,0.011434219777584076,0.032072968780994415,0.013348905369639397,-0.010387315414845943,0.016994362697005272,0.02179502137005329,0.031789474189281464,0.007421274669468403,0.001807670691050589
-0.03211275488138199,-0.10120265185832977,-0.028449321165680885,-0.058481741696596146,-0.024250388145446777,-0.0980646163225174,-0.082052081823349,-0.044618796557188034,-0.08188728988170624,-0.029458552598953247,-0.027530690655112267,-0.03170187771320343,-0.001232735114172101,-0.028168195858597755,-0.057127512991428375,-0.08217479288578033,-0.07297820597887039,0.07212913781404495,-0.06526442617177963,-0.04064982756972313,-0.008820392191410065,-0.015528571791946888,-0.056718576699495316,-0.044758960604667664,-0.04872196912765503,-0.06335300952196121,-0.08070674538612366,-0.054908134043216705,-0.002302882494404912,-0.007041476666927338,0.005878568161278963,-0.04481181874871254
-0.0009297752985730767,-0.054334938526153564,-0.04686468839645386,0.01770045794546604,-0.03906701132655144,-0.03258606046438217,-0.05628083273768425,-0.04235246777534485,-0.09042913466691971,-0.021818608045578003,-0.057447489351034164,-0.10090166330337524,0.046953096985816956,-0.01151357777416706,-0.076631560921669,-0.021793944761157036,-0.012480678036808968,0.04292110726237297,-0.06355080008506775,-0.02767060324549675,-0.06553333252668381,-0.03248882666230202,-0.08544626086950302,-0.016562122851610184,-0.04815699905157089,-0.026593079790472984,-0.06583349406719208,-0.027939828112721443,0.03393443673849106,-0.020314915105700493,-0.04353836178779602,-0.053114935755729675
-0.019729020074009895,-0.004448192194104195,-0.06584861874580383,-0.08346931636333466,-0.012824454344809055,-0.0771695226430893,-0.046885646879673004,-0.051508598029613495,-0.014210212044417858,-0.03970654308795929,-0.054014503955841064,-0.07528873533010483,-0.054872605949640274,-0.09897615760564804,0.012400947511196136,-0.030920442193746567,-0.03368915617465973,-0.06649576872587204,-0.06651000678539276,-0.07525040209293365,-0.07782185077667236,-0.03296952322125435,-0.021310465410351753,-0.026876408606767654,-0.04267109930515289,-0.06511631608009338,0.02972058579325676,-0.04813297465443611,-0.018786586821079254,-0.07156385481357574,-0.08335433155298233,-0.037985194474458694
0.018784651532769203,0.06860196590423584,0.007066148333251476,0.011662950739264488,0.03564518690109253,0.0984669029712677,0.016203010454773903,0.02945583127439022,0.047970958054065704,0.05128646269440651,0.028954023495316505,-0.04034722223877907,0.011436399072408676,0.002882595406845212,0.018127750605344772,0.05709158256649971,0.004601323511451483,0.007245864253491163,0.05996444821357727,0.07598219811916351,-0.026068147271871567,0.011970839463174343,-0.010178584605455399,0.02737198770046234,0.00258377892896533,-0.008958147838711739,0.08972672373056412,0.0015956733841449022,0.0012318112421780825,0.014209339395165443,0.019258437678217888,-0.005411630030721426
0.024270668625831604,-0.016210541129112244,-0.06757406145334244,-0.02418985217809677,-0.034755028784275055,-0.010578123852610588,-0.04630332067608833,-0.06303354352712631,-0.06725338101387024,-0.046073608100414276,-0.06969799846410751,-0.053366295993328094,-0.04582434147596359,-0.06481707096099854,0.005146471317857504,-0.014234318397939205,-0.030588490888476372,-0.04134256765246391,-0.02296142466366291,-0.12990692257881165,-0.04959941282868385,-0.06069396436214447,-0.035454049706459045,-0.06670522689819336,-0.04482075944542885,-0.04986848309636116,0.054201673716306686,-0.07959550619125366,-0.05066113546490669,0.028848661109805107,-0.0391104593873024,-0.0443306528031826
-0.032310545444488525,-0.01598382368683815,-0.04000839218497276,-0.0030379618983715773,0.001970699056982994,-0.011121382936835289,-0.0332861952483654,-0.12448551505804062,-0.03886999562382698,0.0024251756258308887,-0.0049653928726911545,-0.02783147618174553,-0.007679373025894165,0.027696339413523674,-0.04269363731145859,-0.007908630184829235,-0.010128279216587543,-0.012902408838272095,0.03364323079586029,-0.031576577574014664,-0.03942563384771347,0.021992813795804977,-0.04381885752081871,-0.043380506336688995,-0.027453649789094925,-0.06880610436201096,-8.453801274299622e-05,-0.042734432965517044,-0.03936659172177315,0.008581533096730709,-0.0031131478026509285,-0.002363956766203046
-0.0362921878695488,-0.07784945517778397,-0.03992380574345589,-0.01898791640996933,-0.056696366518735886,-0.07472502440214157,-0.06145690008997917,-0.04046675190329552,-0.038220081478357315,-0.07557909190654755,-0.03148069605231285,-0.036677975207567215,-0.01623433828353882,-0.05127473175525665,-0.021806692704558372,-0.04694625362753868,-0.09512417018413544,-0.059071820229291916,-0.05898476392030716,-0.006503717042505741,-0.020347848534584045,-0.0791647806763649,-0.05336639657616615,-0.05996248126029968,-0.03951460123062134,-0.07096301764249802,-0.060392215847969055,-0.08098240196704865,-0.04410306364297867,-0.03451980650424957,-0.05768026039004326,-0.04472808539867401
0.0385826975107193,0.01891143061220646,0.018328046426177025,0.00736025208607316,-0.005227846093475819,0.07223471254110336,0.03137585520744324,-0.011387121863663197,0.006827803328633308,0.010098028928041458,0.057789724320173264,0.07540038973093033,-0.018170271068811417,0.101262666285038,0.018438510596752167,0.05165494605898857,0.028550513088703156,0.06941273808479309,0.020962705835700035,0.03169243782758713,0.033791910856962204,0.07778238505125046,0.01933254860341549,-0.02953212894499302,-0.009197765029966831,-0.007629120722413063,0.016846705228090286,-0.04819595441222191,0.016608836129307747,0.07464957237243652,0.01615002006292343,0.016441842541098595
-0.08021427690982819,-0.10308097302913666,-0.09936656802892685,-0.010923013091087341,-0.028998086228966713,-0.10995455086231232,-0.02349144220352173,-0.025801023468375206,-0.01623542234301567,-0.11040288954973221,-0.06707888096570969,0.020947890356183052,-0.05485333502292633,-0.044663939625024796,-0.055146463215351105,-0.05686400085687637,-0.04478088393807411,-0.036953236907720566,-0.02605682611465454,-0.13640466332435608,-0.03664465248584747,-0.013140442781150341,-0.024307645857334137,-0.044958941638469696,-0.04071691632270813,-0.04785360023379326,-0.08942285180091858,-0.06259062141180038,-0.0633571445941925,-0.04863599315285683,-0.08844239264726639,0.01170023437589407
-0.04383571818470955,-0.0638013407588005,-0.07149351388216019,-0.06988241523504257,-0.0705028846859932,0.0009399816044606268,0.007125331088900566,-0.0908060148358345,-0.042900051921606064,-0.04328114166855812,-0.035101499408483505,0.011011339724063873,-0.014585219323635101,-0.028346417471766472,-0.07294783741235733,-0.01591942459344864,-0.0395665317773819,-0.05355476588010788,-0.008441049605607986,-0.08362369239330292,-0.00704614631831646,0.02915804274380207,0.032263897359371185,-0.012158839963376522,-0.06372912973165512,-0.036205459386110306,-0.08515176177024841,-0.03558063507080078,-0.04064207151532173,-0.03573193401098251,-0.03244301676750183,0.017988646402955055
-0.0413515642285347,-0.05915035307407379,0.007307861000299454,-0.08022092282772064,-0.0638597384095192,-0.053436972200870514,-0.032438017427921295,-0.07292020320892334,-0.045638520270586014,-0.0285007506608963,-0.07212232053279877,-0.043936651200056076,-0.027051225304603577,-0.0027917176485061646,-0.06065019592642784,-0.049333903938531876,-0.06963223963975906,-0.06634824723005295,-0.03372121974825859,-0.015710456296801567,-0.10077863186597824,-0.08764174580574036,-0.08748646825551987,-0.06280597299337387,-0.02617054246366024,-0.08671548962593079,-0.012919328175485134,-0.030920587480068207,-0.047871123999357224,-0.038616809993982315,-0.061272211372852325,-0.042236559092998505
-0.031314510852098465,-0.020473167300224304,0.09134700894355774,0.03553365543484688,-0.049816131591796875,0.014319056645035744,0.03324473649263382,0.021367963403463364,0.023341022431850433,0.07089539617300034,0.09245682507753372,0.0361551009118557,0.1135810911655426,0.10861146450042725,0.019773801788687706,-0.01773046888411045,0.05304371565580368,0.006532712839543819,0.033512528985738754,0.0637294203042984,0.027300333604216576,0.009324686601758003,0.030072961002588272,0.033296674489974976,0.05830537900328636,-0.02080611139535904,0.04210124909877777,0.02188209258019924,0.02466745115816593,-0.03258408606052399,0.008669013157486916,0.09893091768026352
-0.03207216039299965,-0.08998972922563553,-0.0691758245229721,-0.10477136820554733,-0.04236305505037308,-0.06604032963514328,-0.1230144202709198,-0.05326887220144272,-0.10323820263147354,-0.030924029648303986,-0.032846804708242416,-0.08071467280387878,0.016816146671772003,0.06727998703718185,-0.060547929257154465,-0.03595254197716713,-0.017843719571828842,-0.039048854261636734,-0.06379171460866928,-0.009434720501303673,-0.09122451394796371,-0.02486926130950451,-0.022723153233528137,-0.0012918069260194898,-0.06428654491901398,-0.047377366572618484,-0.0676778256893158,-0.06224518269300461,-0.010696176439523697,-0.07684695720672607,-0.05761680006980896,-0.028884096071124077
-0.07638726383447647,-0.04334037005901337,-0.017871420830488205,-0.02787374146282673,-0.03466246649622917,-0.05420401319861412,-0.013693686574697495,-0.037817686796188354,-0.037512462586164474,0.038523126393556595,0.03812531381845474,-0.01982574164867401,0.019896402955055237,0.06420327723026276,-0.059230756014585495,-0.03915266692638397,-0.014653453603386879,-0.010294817388057709,-0.03682782128453255,-0.014933080412447453,-0.02376462332904339,-0.0001575760543346405,-0.05011899769306183,-0.04095912352204323,-0.03722209110856056,-0.0060221971943974495,-0.009177621454000473,-0.03991629555821419,-0.011851845309138298,-0.023977961391210556,-0.019559523090720177,-0.014092633500695229
-0.11305481940507889,-0.025381552055478096,-0.0409744456410408,0.013896358199417591,-0.022420795634388924,-0.023011507466435432,-0.07166004925966263,-0.06207963451743126,-0.05593471601605415,-0.07579191774129868,-0.07167880237102509,-0.08669156581163406,-0.02310747280716896,-0.059766579419374466,-0.05757471174001694,-0.051456864923238754,-0.01946914568543434,-0.05956186726689339,-0.053252216428518295,-0.05711404234170914,-0.012642343528568745,-0.04782190918922424,-0.0882629007101059,-0.015297066420316696,-0.03861452266573906,-0.043548643589019775,-0.05281844362616539,-0.0545189343392849,-0.07224315404891968,-0.016761742532253265,-0.05671568959951401,-0.043643541634082794
-0.015913095325231552,0.0413498617708683,0.04414668306708336,0.0949164628982544,0.03214304521679878,0.009914318099617958,0.041505228728055954,0.07227965444326401,0.010152049362659454,0.07478829473257065,-0.016068018972873688,0.00730639835819602,0.054925039410591125,0.1073569729924202,0.010765701532363892,-0.001293114386498928,0.013101507909595966,-0.008762485347688198,0.027878329157829285,-0.021007755771279335,0.04631125554442406,0.006133424583822489,0.013689075596630573,0.003488697577267885,-0.018131796270608902,0.017106613144278526,0.03393971547484398,0.05447234585881233,0.0004722568264696747,0.002030019648373127,0.08520114421844482,-0.03168417513370514
-0.0403197780251503,-0.014713474549353123,-0.006940736901015043,0.0040272134356200695,-0.06862497329711914,-0.13913889229297638,-0.05068579688668251,0.03431851044297218,-0.06719441711902618,-0.09788332879543304,-0.08254614472389221,-0.07892383635044098,-0.040717046707868576,-0.024235296994447708,-0.05835097283124924,-0.048470523208379745,-0.03793875500559807,-0.07631298899650574,-0.049481842666864395,-0.028687166050076485,-0.06413533538579941,-0.04996764287352562,-0.04229038208723068,-0.06617417931556702,-0.03899066150188446,-0.03498653694987297,-0.03966992720961571,-0.03256556764245033,-0.096693255007267,-0.0056023565120995045,-0.03794274106621742,-0.09646843373775482
-0.017343956977128983,-0.09490145742893219,-0.009003957733511925,-0.02550128661096096,-0.05683235079050064,-0.06897875666618347,-0.0448397621512413,0.011671480722725391,-0.03804115206003189,-0.011638865806162357,-0.04778283089399338,-0.0505804568529129,-0.04485805332660675,0.02378014288842678,-0.013522409833967686,-0.06228707358241081,-0.033762700855731964,-0.03700064867734909,-0.0682179406285286,0.011337514966726303,-0.044334862381219864,-0.04240047559142113,-0.02113480679690838,-0.055861543864011765,-0.03773808851838112,-0.023729505017399788,-0.03680035099387169,-0.03109297901391983,-0.06732338666915894,-0.002055148361250758,0.01300253439694643,-0.046327829360961914
-0.002629942260682583,-0.013259937055408955,-0.07431966066360474,-0.041600245982408524,-0.0649656429886818,-0.01899822987616062,-0.061342962086200714,-0.06898781657218933,-0.047984976321458817,-0.05289424583315849,4.9091875553131104e-05,-0.050063926726579666,-0.05036230385303497,-0.07554899156093597,-0.050707753747701645,-0.0262250155210495,-0.04529545456171036,-0.05732690915465355,-0.045375797897577286,-0.011516171507537365,-0.055865123867988586,-0.07466264814138412,-0.05291979759931564,-0.019125495105981827,-0.04406421259045601,-0.06166661158204079,-0.014397029764950275,-0.0763900950551033,-0.0214922446757555,-0.02607888914644718,-0.03691694885492325,-0.029359977692365646
0.030470792204141617,0.05487930029630661,0.02299966663122177,0.0551578551530838,0.0015180042246356606,0.06506186723709106,0.08572570234537125,0.02917177602648735,0.0146785918623209,0.07979938387870789,-0.004639964085072279,0.03680300712585449,-0.00926730316132307,0.06981397420167923,0.010642076842486858,0.011001570150256157,0.011267456226050854,0.06527425348758698,-0.012564719654619694,0.05535926669836044,0.04730827361345291,-0.0529436320066452,0.04502730071544647,-0.0227317176759243,0.011887863278388977,0.03512144833803177,-0.001174523844383657,0.07390222698450089,0.006788831669837236,0.039242733269929886,0.05796504020690918,0.014271977357566357
0.005990592762827873,-0.13265299797058105,-0.10742615908384323,-0.0855460986495018,-0.08208642899990082,-0.044167984277009964,0.005427458789199591,-0.03822779655456543,2.03009694814682e-05,-0.01185192447155714,-0.029722176492214203,-0.08769889920949936,-0.0021826180163770914,-0.09037894755601883,-0.04798883572220802,-0.008996449410915375,-0.015645118430256844,-0.0006933657568879426,-0.049146730452775955,-0.016736213117837906,-0.030789248645305634,-0.038066230714321136,-0.005023268982768059,-0.068328857421875,-0.041976843029260635,-0.024645917117595673,-0.10443457961082458,-0.03487623482942581,-0.01839045062661171,-0.05642995238304138,-0.09004749357700348,-0.03417082503437996
-0.022760551422834396,-0.052408553659915924,-0.05694785341620445,-0.04774104058742523,-0.05814960226416588,0.017287280410528183,0.013230531476438046,-0.012971456162631512,-0.03130234777927399,0.01760800927877426,-0.05213804170489311,-0.018292777240276337,-0.020458677783608437,-0.038588132709264755,-0.03840533643960953,-0.0220088679343462,-0.03184669837355614,0.004745058249682188,-0.07283568382263184,0.01937907002866268,-0.009704522788524628,-0.05701874941587448,-0.032595060765743256,-0.03573545813560486,-0.07955659180879593,-0.04505195841193199,-0.06472723186016083,0.0037650433368980885,0.008690537884831429,-0.00496587622910738,-0.02839123271405697,-0.03185304254293442
-0.02518632635474205,-0.06313803046941757,-0.08321793377399445,-0.021344641223549843,-0.08467568457126617,-0.060389213263988495,-0.08946595340967178,-0.04736119136214256,-0.042671430855989456,-0.01506279781460762,-0.0675952360033989,-0.07276662439107895,0.004017038270831108,-0.05502483621239662,-0.0558861568570137,-0.07119178026914597,-0.0516095794737339,-0.05693674087524414,-0.027908479794859886,-0.029384130612015724,-0.007023777812719345,-0.03868134692311287,-0.037556447088718414,0.005940581206232309,-0.08503051102161407,-0.04154510796070099,-0.05746803805232048,-0.06307593733072281,0.0010709292255342007,-0.045963916927576065,-0.03473653644323349,-0.041775431483983994
0.0314028300344944,0.06734675914049149,0.018345288932323456,0.011838487349450588,-0.03414170816540718,0.023318488150835037,0.04429218918085098,0.03706125542521477,-0.0048906332813203335,0.002682195045053959,-0.014761826023459435,0.01602446474134922,0.03791302070021629,-0.01538145449012518,0.06982414424419403,0.03915610536932945,0.03410475328564644,0.04685656726360321,-0.02365790121257305,-0.011317787691950798,0.051205966621637344,0.06430550664663315,0.009043536148965359,0.003286859719082713,-0.030878445133566856,0.015131235122680664,-0.0007800495368428528,0.040920011699199677,0.09094996750354767,-0.01803170144557953,0.041183628141880035,-0.017416296526789665
0.012678762897849083,-0.09904397279024124,-0.02552088350057602,-0.0198822021484375,-0.04967876151204109,0.030055932700634003,-0.08323945105075836,-0.12033301591873169,-0.0556490533053875,0.0028073005378246307,-0.10757001489400864,-0.0441165529191494,0.03014083206653595,-0.0037307143211364746,-0.09032386541366577,-0.006461737211793661,-0.09732860326766968,-0.04476232826709747,-0.025726299732923508,-0.08544335514307022,-0.017469065263867378,0.012001827359199524,-0.018541499972343445,-0.03564240783452988,-0.051509223878383636,-0.04146048426628113,-0.08269528299570084,-0.057841286063194275,-0.016475602984428406,-0.022553004324436188,-0.0916842371225357,-0.009827584959566593
-0.03200777992606163,-0.038554973900318146,-0.015504921786487103,0.024567406624555588,-0.0379093699157238,-0.01200152188539505,0.0011656007263809443,-0.04247024282813072,-0.028567003086209297,-0.01972421631217003,-0.05403792858123779,0.012142118997871876,-0.05521639436483383,-0.022708164528012276,0.016635887324810028,-0.052748240530490875,-0.008242414332926273,-0.02221803553402424,0.002493398729711771,-0.04847751930356026,-0.028103012591600418,-0.006920355372130871,-0.08962689340114594,-0.05946163460612297,-0.083329938352108,-0.01331478264182806,-0.051207516342401505,-0.022892115637660027,-0.011822867207229137,-0.07753399014472961,-0.033589430153369904,-0.015618598088622093
-0.03843609616160393,-0.015954341739416122,-0.10954011231660843,-0.04655923694372177,-0.051198411732912064,-0.0767713338136673,-0.0224415622651577,-0.05079541355371475,-0.031649667769670486,-0.03468431159853935,-0.06664783507585526,-0.046047914773225784,-0.05262283980846405,-0.026629865169525146,-0.03548929840326309,-0.056948594748973846,-0.06437457352876663,-0.0032794077415019274,-0.020084574818611145,-0.028553592041134834,-0.06443196535110474,-0.09269838035106659,-0.041232652962207794,-0.045919667929410934,-0.022075532004237175,-0.034806251525878906,-0.01814972423017025,-0.01086539775133133,0.017244765534996986,-0.04797591641545296,-0.06212923675775528,-0.07310686260461807
-0.03238755092024803,-0.009634348563849926,-0.06445810198783875,0.04028712958097458,0.015692804008722305,0.10565556585788727,0.047174811363220215,-0.018457528203725815,0.004418953321874142,0.030925950035452843,-0.0021140018943697214,0.007944882847368717,0.02953033335506916,0.008385490626096725,0.05237078666687012,0.008203982375562191,-0.02079193852841854,0.05015223100781441,0.043609973043203354,-0.0254701878875494,0.037944063544273376,0.022329971194267273,-0.029729964211583138,0.019509848207235336,0.027204852551221848,0.04702528566122055,0.011071454733610153,0.005958903580904007,0.03567521274089813,0.050712864845991135,0.011552652344107628,0.08112400025129318
-0.07091030478477478,-0.07790400832891464,-0.07491282373666763,-0.018075764179229736,-0.07171402126550674,-0.043722279369831085,-0.012618697248399258,-0.054430678486824036,-0.052790362387895584,-0.033418893814086914,-0.041290976107120514,-0.06286263465881348,-0.022509844973683357,-0.03236113116145134,-0.1045355275273323,-0.02821226790547371,-0.04084701091051102,-0.02683049440383911,-0.018348518759012222,-0.12044459581375122,-0.13091185688972473,-0.10289089381694794,-0.049654483795166016,-0.1175825372338295,0.006462794728577137,-0.07446195930242538,-0.06409383565187454,-0.030887925997376442,-0.08007766306400299,-0.05594074726104736,-0.07689706236124039,-0.09808538854122162
-0.05137760564684868,-0.01650785282254219,-0.034149304032325745,-0.05173972249031067,-0.03397076949477196,0.01188741810619831,-0.044482313096523285,-0.05360148847103119,-0.05290279537439346,-0.02338440902531147,-0.03420195356011391,-0.03218035399913788,-0.038041844964027405,-0.03318488597869873,-0.061230048537254333,-0.06316764652729034,-0.011659655719995499,-0.00697481632232666,-0.029303956776857376,-0.05667682737112045,-0.047025229781866074,-0.04326026886701584,-0.04856672137975693,-0.027948305010795593,-0.03608313202857971,-0.03563006594777107,-0.04976711422204971,-0.039411284029483795,-0.02504495345056057,0.006971190217882395,-0.037946682423353195,-0.052855607122182846
-0.0257878340780735,-0.02344345487654209,-0.04285932332277298,-0.04737068712711334,-0.03423616290092468,-0.10355110466480255,-0.08526675403118134,-0.04696471989154816,-0.0461883582174778,-0.03595069795846939,-0.0265241377055645,-0.06135018914937973,-0.055961236357688904,-0.04630063474178314,-0.02935338392853737,-0.07593567669391632,-0.0757969319820404,-0.025025028735399246,-0.07744671404361725,-0.05612776800990105,0.014170217327773571,-0.05741461366415024,-0.037918221205472946,-0.041236452758312225,-0.05192051827907562,-0.05750894919037819,-0.034217678010463715,-0.03230041638016701,0.0017929585883393884,-0.042214665561914444,-0.012087739072740078,0.008966808207333088
0.03217020630836487,0.07242172956466675,0.007870025932788849,-0.00512476172298193,0.012418698519468307,0.07745428383350372,0.0438242070376873,0.02759552374482155,0.015392767265439034,0.051141925156116486,0.03103901445865631,0.017605403438210487,0.04478227719664574,0.06343274563550949,0.06381864100694656,0.04346292465925217,0.019956691190600395,0.04633660987019539,0.04643655940890312,0.05550475791096687,0.10791900008916855,0.023065650835633278,0.01957666128873825,0.0336562879383564,0.005317352246493101,0.020968114957213402,0.04800344258546829,0.07040126621723175,0.02794744446873665,0.12149008363485336,0.08093637973070145,0.03388473764061928
-0.018571075052022934,-0.047707296907901764,-0.07522694766521454,-0.051382411271333694,-0.03910686820745468,-0.05057584121823311,-0.05980231612920761,-0.028370482847094536,-0.0012353763449937105,0.01697828620672226,0.0021558869630098343,-0.04423543065786362,-0.07347022742033005,-0.07041718065738678,-0.01373788807541132,-0.09138113260269165,0.0012112644035369158,-0.03798407316207886,-0.05815526470541954,-0.01466013677418232,-0.0025720237754285336,-0.09659206867218018,-0.015218979679048061,0.007166487630456686,0.005421953741461039,-0.02237200364470482,-0.0018314940389245749,-0.060316815972328186,-8.61920416355133e-05,0.016485517844557762,-0.04073375090956688,0.060509469360113144
-0.024824989959597588,-0.026965459808707237,-0.02556338906288147,-0.02773277275264263,-0.005309482105076313,0.020166179165244102,0.016367938369512558,-0.003429427044466138,-0.007781027350574732,0.0029637576080858707,-0.02642778493463993,0.005843146238476038,-0.05710034444928169,-0.027558181434869766,-0.039201196283102036,-0.011824735440313816,0.020675422623753548,-0.03742583468556404,-0.02764628641307354,-0.006135136820375919,-0.034255363047122955,-0.012415564619004726,-0.030893266201019287,-0.01253729872405529,-0.0034711940679699183,-0.019464336335659027,-0.02813829854130745,-0.04279010742902756,-0.029919514432549477,-0.0020663186442106962,0.02679620496928692,0.025091327726840973
-0.03259582445025444,-0.039702676236629486,-0.043525248765945435,-0.07129501551389694,-0.056107550859451294,-0.05707031115889549,-0.05952009931206703,-0.05618719011545181,-0.08768060803413391,-0.04821442440152168,-0.03610450029373169,-0.06184813752770424,-0.024349737912416458,-0.058458659797906876,-0.008745677769184113,-0.047261446714401245,-0.027398783713579178,-0.023959282785654068,-0.052689459174871445,-0.09321814775466919,-0.059160493314266205,-0.05004163086414337,-0.0766880139708519,-0.04674766957759857,-0.013445746153593063,-0.055085841566324234,-0.06689620763063431,-0.04584702104330063,-0.048159416764974594,0.0038289385847747326,-0.017448630183935165,-0.030764184892177582
0.020999113097786903,0.003836139338091016,-0.009154997766017914,-0.01278504729270935,0.018754711374640465,0.09284642338752747,0.029809119179844856,0.037660397589206696,0.002067240420728922,0.06897468864917755,0.024158312007784843,0.07055900245904922,0.024961374700069427,-0.009669446386396885,0.015622258186340332,0.05111880227923393,-0.015786390751600266,0.0207764133810997,-0.035291638225317,-0.02322147972881794,0.01147308200597763,0.03229343891143799,0.015496905893087387,0.0016930700512602925,-0.015588697977364063,0.047524239867925644,0.011660365387797356,0.08041579276323318,-0.017831526696681976,0.02839498221874237,-0.008955521509051323,0.029935477301478386
0.014204091392457485,-0.026160165667533875,-0.07998867332935333,-0.1392257660627365,-0.007064410485327244,-0.01687159761786461,-0.05607134848833084,-0.11979252099990845,-0.09577498584985733,-0.16151222586631775,-0.016181113198399544,-0.07327812165021896,-0.019738709554076195,-0.07818929851055145,-0.11996188759803772,-0.022112393751740456,-0.051124367862939835,-0.0547654815018177,-0.051870543509721756,-0.07516438513994217,-0.10741466283798218,-0.04570111632347107,-0.09634546935558319,-0.056019436568021774,-0.1019735187292099,-0.03348029404878616,-0.17216087877750397,-0.06417132169008255,-0.028832614421844482,-0.0730394646525383,-0.161231130361557,-0.032911017537117004
-0.01657259650528431,-0.01810155063867569,-0.042414989322423935,-0.10191869735717773,-0.055269744247198105,0.044151030480861664,-0.010693218559026718,-0.040375206619501114,-0.06911462545394897,-0.0622527189552784,0.006950139533728361,-0.018554382026195526,0.017544139176607132,-0.08704857528209686,-0.0625184178352356,0.008336245082318783,0.0011184182949364185,-0.07978583872318268,-0.04328290745615959,-0.054062794893980026,-0.08825021237134933,-0.020932532846927643,-0.03277379646897316,-0.04592179134488106,-0.06594758480787277,-0.03623528033494949,-0.079164519906044,-0.03916991874575615,-0.04620780050754547,-0.07292214035987854,-0.07743839919567108,-0.058682236820459366
-0.04975002259016037,-0.021403759717941284,-0.046162281185388565,-0.03766050934791565,-0.04733247682452202,-0.06688979268074036,-0.027650639414787292,-0.03726532310247421,-0.014355789870023727,-0.07038404047489166,0.04175654053688049,-0.03266459330916405,-0.05529879033565521,-0.05107714980840683,-0.030364755541086197,-0.06634759157896042,-0.04612474516034126,-0.02147335186600685,-0.019055459648370743,-0.02705594338476658,-0.06705141812562943,-0.02300628274679184,0.02635602094233036,-0.02489265240728855,-0.03968845307826996,-0.025446932762861252,-0.028699781745672226,-0.060477398335933685,-0.07682649046182632,-0.016833053901791573,-0.04686051607131958,-0.08049704879522324
0.08616866171360016,0.021772906184196472,0.1032533347606659,-0.004241631831973791,0.022866522893309593,0.029902057722210884,0.04307783395051956,0.005384927149862051,-0.048647191375494,0.009785975329577923,0.06880327314138412,0.022241396829485893,-0.028135212138295174,0.12554529309272766,0.003860123921185732,0.06232299283146858,0.05696050077676773,-0.026272889226675034,0.004722174257040024,0.013994494453072548,-0.01703893207013607,0.0022958361078053713,0.02894708886742592,-0.0024693580344319344,-0.003815359901636839,0.07727127522230148,-0.023262223228812218,0.073473259806633,0.0007104136748239398,0.033757906407117844,0.015900742262601852,-0.003946100827306509
-0.0024707915727049112,-0.012965130619704723,-0.029814284294843674,0.018140196800231934,-0.03092173859477043,-0.1216958686709404,-0.04754357039928436,-0.03754832595586777,-0.024634581059217453,-0.0923415943980217,-0.06904613226652145,-0.03398962691426277,-0.05017189309000969,-0.08920594304800034,-0.0019650841131806374,-0.03093317337334156,-0.088239386677742,-0.03611249104142189,-0.08110477775335312,-0.06324645131826401,-0.0710873007774353,-0.030195433646440506,0.02252429723739624,-0.08082147687673569,-0.06684564054012299,-0.09699063748121262,-0.03548183664679527,-0.03623965010046959,-0.02434781938791275,-0.02930840663611889,-0.005947919562458992,-0.07485625147819519
0.002445113379508257,-0.04921973496675491,-0.02009432762861252,0.017091933637857437,-0.017126990482211113,-0.03492597118020058,-0.05723562836647034,-0.03354482725262642,-0.06227434426546097,-0.03685959801077843,-0.10116810351610184,-0.048054080456495285,-0.031443193554878235,-0.01579793356359005,-0.04670841246843338,0.005269478540867567,-0.003906879108399153,-0.08515731245279312,-0.03986510634422302,-0.01975438743829727,-0.0587066151201725,-0.04215990751981735,0.0022560679353773594,-0.040416911244392395,-0.0592721663415432,-0.03721628710627556,-0.05192698910832405,-0.0035419368650764227,-0.07838241010904312,-0.06861810386180878,-0.0555000826716423,-0.028628243133425713
-0.0737043023109436,-0.02499157190322876,-0.07934622466564178,-0.002803672105073929,-0.05578523874282837,-0.07014983147382736,-0.058468762785196304,-0.0574442520737648,-0.031505707651376724,-0.009978807531297207,-0.07967058569192886,-0.03186361491680145,-0.04134327173233032,-0.05714304745197296,-0.023378726094961166,-0.08484663814306259,-0.08980527520179749,-0.014268065802752972,-0.016241107136011124,-0.032009243965148926,-0.05265311151742935,-0.09237664937973022,-0.07153049111366272,-0.022525915876030922,-0.031118499115109444,-0.10104966163635254,-0.041975237429142,-0.018151262775063515,-0.051148947328329086,-0.035803355276584625,-0.042166903614997864,-0.05505833402276039
0.027471711859107018,0.04754452034831047,0.029693853110074997,0.014703582040965557,0.030877437442541122,0.03790028765797615,0.04408856853842735,-0.011693929322063923,0.060793437063694,0.019274020567536354,-0.014837085269391537,0.048740092664957047,-0.015159521251916885,0.04401203244924545,0.025660131126642227,0.044509295374155045,0.050118058919906616,-0.043723348528146744,0.052624765783548355,0.06145235151052475,0.05204588547348976,-0.029853632673621178,0.043855343014001846,0.03512896969914436,0.02213134616613388,-0.012040545232594013,0.054072264581918716,0.09930043667554855,0.03618572652339935,-0.038647525012493134,0.013781769201159477,-0.008980205282568932
-0.028281955048441887,-0.051364969462156296,-0.0861552357673645,-0.0652894675731659,-0.03829558566212654,-0.048244740813970566,-0.027011416852474213,-0.03117508813738823,-0.014769642613828182,-0.04782447963953018,-0.12671394646167755,0.05001317337155342,-0.04964579641819,-0.050084032118320465,-0.03835561126470566,-0.0833137184381485,-0.034231990575790405,-0.020768677815794945,-0.020696356892585754,-0.04778086766600609,-0.06170257180929184,-0.035219237208366394,-0.09185013175010681,-0.06490213423967361,-0.06710447371006012,-0.06512411683797836,-0.022963691502809525,-0.12158873677253723,-0.0783780887722969,-0.02776460535824299,-0.03318580612540245,-0.08758945763111115
-0.05304838716983795,-0.007530896458774805,-0.01647225208580494,-0.0027880780398845673,-0.05066351965069771,-0.056409791111946106,0.004924257285892963,-0.05144747346639633,-0.04736347869038582,-0.061402663588523865,-0.0941505953669548,0.03894414007663727,-0.03947434946894646,-0.012514684349298477,-0.04273650050163269,0.021365804597735405,-0.007495611906051636,-0.012727842666208744,-0.03874652087688446,-0.031972866505384445,-0.026159685105085373,-0.00831322930753231,-0.035064954310655594,-0.015200112946331501,-0.02449420653283596,-0.03317416459321976,-0.011072544381022453,-0.024615133181214333,-0.03721565380692482,-0.02953682653605938,-0.06757771223783493,-0.05312591791152954
-0.05813100188970566,-0.07239431142807007,-0.05110637843608856,-0.08459723740816116,-0.04142037779092789,-0.08357830345630646,-0.07132907211780548,-0.07542379945516586,-0.04177388176321983,-0.06043946370482445,0.007931427098810673,-0.05377218499779701,-0.055265918374061584,-0.04344048351049423,-0.09332702308893204,-0.02107984945178032,-0.04461117833852768,-0.004503204952925444,-0.0360286682844162,-0.08133471757173538,-0.04581065475940704,-0.028552064672112465,-0.0520903542637825,-0.042895931750535965,-0.07486861199140549,-0.05756750702857971,-0.02610892988741398,-0.046297021210193634,-0.017361672595143318,-0.011053778231143951,-0.07281572371721268,-0.016289934515953064
-0.006024916656315327,0.08438900113105774,-0.013123062439262867,-0.00039504095911979675,0.03596203401684761,-0.03115302324295044,0.014788316562771797,0.03785955533385277,0.051076650619506836,-0.02888912707567215,0.12688414752483368,-0.02665899321436882,-0.01468362845480442,-0.003584160702303052,0.0069505637511610985,-0.04802435263991356,0.07190073281526566,-0.002872267970815301,0.06925207376480103,0.09011486917734146,0.08375385403633118,0.002513662213459611,0.0606936551630497,0.08255036175251007,0.005826060194522142,0.015391937457025051,0.10995926707983017,-0.00854388065636158,0.03600846230983734,0.00729213934391737,-0.0275159552693367,-0.026797108352184296
-0.07011248916387558,-0.05424262210726738,-0.02608301304280758,0.01443873904645443,-0.07146637886762619,-0.0749783143401146,-0.07147591561079025,-0.08287473022937775,-0.013462490402162075,-0.031792473047971725,-0.039204180240631104,-0.04770686477422714,-0.043101828545331955,-0.05080265924334526,-0.08448188751935959,-0.05016636475920677,-0.060159340500831604,-0.05899767205119133,-0.014398427680134773,-0.07544618844985962,-0.04854410141706467,-0.08628301322460175,-0.024498607963323593,-0.02885359339416027,-0.002027536742389202,-0.03652537241578102,-0.045530591160058975,-0.05773297697305679,-0.022538114339113235,-0.08182860910892487,-0.09284745156764984,-0.020874930545687675
-0.028892964124679565,-0.02510930970311165,-0.030723191797733307,0.0180632546544075,-0.07200732827186584,-0.07352133840322495,-0.020116407424211502,-0.025344714522361755,-0.008473839610815048,-0.0474669486284256,-0.008517934009432793,-0.035938799381256104,-0.0053243995644152164,-0.011698075570166111,-0.04200335964560509,-0.09733957052230835,-0.016582263633608818,-0.03931279852986336,-0.04934678599238396,-0.017448818311095238,0.02184453047811985,-0.0333869569003582,0.009093793109059334,-0.01242845132946968,-0.0419003888964653,-0.0741896852850914,-0.0018065894255414605,-0.022131027653813362,0.023964010179042816,-0.04978909343481064,-0.03185614198446274,-0.03216199204325676
-0.032279085367918015,-0.09221536666154861,0.008483831770718098,-0.0659492239356041,-0.06618613749742508,-0.05101361870765686,-0.05879630148410797,0.029594460502266884,-0.06518186628818512,-0.0012767418520525098,-0.04746731370687485,-0.05524635314941406,-0.042505886405706406,-0.004375160206109285,-0.06399072706699371,-0.05814485251903534,-0.02941976673901081,-0.05974558740854263,-0.05922796204686165,-0.050534024834632874,-0.08653432875871658,0.029443971812725067,-0.08154991269111633,-0.027650341391563416,-0.06464996933937073,-0.06674530357122421,0.05113343894481659,-0.06894290447235107,-0.04101589322090149,-0.07236096262931824,-0.038404595106840134,-0.045492324978113174
0.09758295118808746,0.02696484513580799,0.04492403566837311,0.06576035916805267,-0.00661788135766983,0.03977668657898903,-0.0023287676740437746,0.054379597306251526,0.04454723373055458,0.02247242070734501,0.027177641168236732,-0.007340952288359404,0.04987768456339836,0.03811386972665787,0.01616366021335125,0.0022833808325231075,-0.02929026447236538,0.04746973142027855,-0.022335778921842575,0.009748002514243126,0.04253683611750603,0.10298416763544083,0.033882394433021545,0.0015831891214475036,-0.019840415567159653,0.01724630407989025,0.07254476100206375,-0.0024540736339986324,0.1076495498418808,0.035350214689970016,0.03233258053660393,0.02154529094696045
0.023528510704636574,-0.12059014290571213,-0.08299891650676727,-0.06737787276506424,-0.16500122845172882,-0.10878332704305649,-0.04072636365890503,-0.027213390916585922,-0.06361052393913269,-0.004304159432649612,-0.16417452692985535,-0.023153239861130714,-0.014182942919433117,-0.06546352803707123,-0.016519702970981598,-0.03428078442811966,-0.06518150866031647,-0.04995763674378395,-0.09858205914497375,-0.0992782786488533,-0.0027856212109327316,0.01677617058157921,-0.06829085946083069,-0.08733180910348892,-0.09405078738927841,-0.04680579900741577,-0.01882624253630638,-0.08700545877218246,-0.06037858873605728,-0.033595602959394455,-0.09451621025800705,-0.10983233898878098
-0.001665419084019959,-0.05039094015955925,-0.062063075602054596,-0.023128855973482132,-0.060568805783987045,-0.05279489606618881,-0.016076136380434036,-0.029442794620990753,-0.012375886552035809,-0.05512766167521477,-0.08861441910266876,-0.0930696353316307,-0.06877654045820236,-0.055518701672554016,-0.012252867221832275,-0.06703097373247147,-0.05863161012530327,-0.04051660746335983,-0.1225452646613121,-0.0407215841114521,-0.00044904081732966006,-0.013973720371723175,-0.027035396546125412,-0.057490091770887375,-0.06236927583813667,-0.03511207550764084,-0.04089413210749626,-0.038748957216739655,-0.01820387877523899,0.0012205804232507944,-0.03358084708452225,-0.06228988245129585
-0.07498158514499664,-0.022576911374926567,-0.07590674608945847,-0.016252055764198303,-0.036952223628759384,-0.053957752883434296,-0.06656688451766968,-0.02304925210773945,-0.056566476821899414,-0.04798454791307449,-0.037620097398757935,-0.0379391610622406,-0.08136062324047089,-0.06663244217634201,-0.04748942330479622,-0.018126389011740685,-0.07451192289590836,-0.05094879865646362,-0.05108454450964928,-0.05723496899008751,-0.03778157755732536,-0.04515666514635086,-0.0037715567741543055,-0.05497739464044571,-0.04040871188044548,-0.07059552520513535,-0.03931666910648346,-0.018521804362535477,-0.05257892608642578,-0.0663958266377449,-0.06826639175415039,-0.02309143915772438
0.07660304754972458,0.0014656900893896818,0.02788992039859295,0.0124135073274374,0.05274070054292679,0.0675257220864296,0.07840624451637268,-0.05665609613060951,0.015402506105601788,0.060559969395399094,-0.016914496198296547,0.014031887985765934,0.04089576378464699,0.03610033169388771,0.029545657336711884,0.0188828706741333,-0.05409551411867142,0.008727713488042355,-0.022403087466955185,0.009912287816405296,0.02799335867166519,0.020584994927048683,0.028088945895433426,-0.05129449442028999,-0.0007928756531327963,0.016916759312152863,-0.04421661049127579,0.025375371798872948,-0.014911455102264881,0.07311595976352692,0.014998894184827805,-0.020541196689009666
-0.03954111039638519,-0.07641352713108063,-0.05264560505747795,-0.07631334662437439,-0.07721207290887833,0.002462160075083375,-0.08586709201335907,-0.053412407636642456,-0.08000451326370239,-0.049613360315561295,-0.11749310046434402,-0.10213689506053925,-0.033358003944158554,-0.06099768355488777,-0.022054487839341164,0.005100678652524948,-0.05576540157198906,-0.044055767357349396,-0.03805683180689812,-0.018118808045983315,-0.10290362685918808,-0.07878483831882477,-0.09448973834514618,-0.04128678888082504,-0.019481735303997993,-0.10492568463087082,-0.04034195467829704,-0.01941755786538124,-0.12451370805501938,-0.06861072033643723,-0.05394524335861206,-0.06096523255109787
0.008991747163236141,-0.055879633873701096,-0.03213862329721451,-0.08079984039068222,-0.04367195814847946,0.042985949665308,-0.030406812205910683,-0.05391322448849678,-0.024203374981880188,0.01061837188899517,-0.0917532667517662,-0.06622899323701859,-0.02053712122142315,-0.00472203828394413,-0.002497286070138216,0.02476426586508751,-0.07516495883464813,-0.038949210196733475,-0.06640128791332245,-0.020502973347902298,-0.055496614426374435,-0.01879415474832058,-0.05441553145647049,-0.08930990099906921,-0.0037471677642315626,-0.03665327653288841,-0.04383980482816696,-0.05529828742146492,-0.08057214319705963,-0.030412059277296066,-0.03563779219985008,-0.10424458235502243
-0.04099450260400772,-0.00043154406012035906,-0.02145273983478546,-0.04056556895375252,-0.06803378462791443,-0.03880859166383743,-0.02608746662735939,-0.026946602389216423,-0.08422992378473282,-0.0502726249396801,-0.048194751143455505,-0.03976331278681755,-0.07891733944416046,-0.05573035776615143,-0.0024150290992110968,-0.0482475683093071,-0.0309774000197649,-0.0630580335855484,-0.025838473811745644,-0.03792296722531319,-0.004693786147981882,-0.06456983089447021,-0.07296134531497955,-0.018987229093909264,-0.055714886635541916,-0.03689871355891228,-0.03640246391296387,0.023077962920069695,-0.04064453765749931,-0.042325545102357864,0.003934923559427261,-0.039640653878450394
0.08476951718330383,0.015393718145787716,0.040618401020765305,0.06134628504514694,0.09319857507944107,-0.03273654729127884,0.011982507072389126,-0.01039818488061428,0.005417033564299345,0.044988494366407394,0.02579215168952942,0.02628176659345627,0.0302803386002779,0.03700481727719307,-0.019487641751766205,-0.012670614756643772,-0.016968687996268272,0.019619418308138847,0.028941716998815536,0.013486325740814209,0.0072763459756970406,0.01016676239669323,0.0645277202129364,-0.0042317830957472324,0.002973547438159585,-0.012937560677528381,-0.0030513110104948282,0.07914893329143524,0.0021593626588582993,0.023964237421751022,0.03798038512468338,-0.04841150343418121
0.043653324246406555,-0.005119036417454481,-0.07489821314811707,-0.03141924366354942,-0.1067333072423935,-0.08368637412786484,-0.03625892847776413,-0.0780613049864769,-0.04428725317120552,-0.031142132356762886,-0.025132881477475166,-0.03632277995347977,-0.0828356146812439,-0.010275306180119514,-0.04311636835336685,-0.030285025015473366,-0.02614952251315117,-0.0433923602104187,-0.03122536465525627,-0.008762764744460583,-0.03625834733247757,0.0008244828204624355,-0.06535837054252625,0.0058409832417964935,-0.11741757392883301,-0.05338003858923912,-0.09889429807662964,-0.072686567902565,-0.03040430322289467,-0.04950438067317009,-0.017297741025686264,-0.029645530506968498
0.055266205221414566,-0.023111535236239433,-0.054969727993011475,-0.03291259706020355,-0.018428482115268707,-0.04762575030326843,-0.020459430292248726,-0.10060173273086548,-0.04219597205519676,-0.015118435025215149,0.007657596841454506,-0.018726227805018425,-0.009879331104457378,-0.003587716491892934,0.003947345074266195,-0.029900606721639633,-0.007010506000369787,-0.05655273050069809,-0.018293771892786026,-0.017698073759675026,-0.06896384060382843,0.043023478239774704,-0.004681073594838381,0.014595610089600086,-0.05884312465786934,-0.05646718293428421,-0.07876019924879074,-0.056630801409482956,-0.020557083189487457,0.013482294976711273,-0.0026565410662442446,-0.10081013292074203
-0.05903666466474533,-0.04798630252480507,0.008903499692678452,-0.08500224351882935,-0.11224009096622467,-0.0029205854516476393,-0.05195844545960426,-0.07036984711885452,-0.05630296468734741,-0.05827561020851135,-0.020131060853600502,-0.06191478669643402,-0.06773468106985092,-0.039804037660360336,-0.06026626378297806,0.017606863752007484,-0.03584450110793114,-0.071500264108181,-0.023166073486208916,-0.02019423060119152,-0.09938929229974747,-0.0907333493232727,-0.10429016500711441,-0.048660289496183395,-0.026119112968444824,-0.02430347539484501,-0.05426700785756111,-0.05403336510062218,-0.03165535256266594,-0.07114802300930023,-0.045894548296928406,-0.055973950773477554
0.11037680506706238,0.007085561286658049,0.01439675223082304,-0.019333291798830032,-0.02671903744339943,0.11847925186157227,0.011873852461576462,-0.006313876714557409,-0.008683045394718647,-0.02692454308271408,-0.0076841628178954124,0.09187238663434982,0.010951426811516285,0.01881132833659649,0.008497102186083794,0.033716797828674316,0.02953759953379631,0.01586003787815571,0.00013278983533382416,0.03154800087213516,-0.007983827032148838,-0.02331911399960518,0.023515980690717697,0.007174793630838394,-0.001879082527011633,0.028798911720514297,-0.016842620447278023,-0.02608812041580677,0.01642398163676262,0.08886422961950302,0.061889976263046265,-0.0019712569192051888
-0.026037361472845078,-0.00044487780542112887,-0.0026839307975023985,0.008342343382537365,-0.04236680641770363,-0.03690100833773613,0.01042291522026062,-0.04211914539337158,-0.06214311718940735,-0.03208964318037033,-0.03991517424583435,-0.017706090584397316,-0.0692182406783104,-0.09044031798839569,-0.04456515237689018,-0.02167823165655136,-0.07043059170246124,-0.024576494470238686,-0.06569893658161163,-0.04402478411793709,-0.00815360527485609,-0.08231763541698456,-0.07932137697935104,-0.05503934249281883,-0.05752573162317276,0.007521230727434158,-0.13268156349658966,-0.025343958288431168,0.0006801689742133021,-0.04969208315014839,-0.04674262925982475,-0.07189778238534927
0.015047203749418259,-0.1139742061495781,-0.011316424235701561,-0.04621339216828346,-0.06570525467395782,-0.012624858878552914,-0.08941216766834259,0.0013088500127196312,-0.051297590136528015,-0.02510940283536911,-0.056804973632097244,0.058552827686071396,-0.03477643430233002,-0.042365241795778275,-0.032750487327575684,-0.05016564577817917,-0.01790739968419075,-0.019565150141716003,-0.04449189826846123,-0.0216840673238039,-0.13182443380355835,-0.030766349285840988,-0.017130443826317787,-0.05819088965654373,-0.044991571456193924,-0.06849534809589386,-0.08541377633810043,-0.07543803751468658,-0.01699507236480713,-0.019841227680444717,-0.01663028821349144,-0.030922846868634224
-0.051301922649145126,-0.0432521216571331,-0.002521977061405778,-0.03294098377227783,-0.06689538061618805,-0.026593828573822975,-0.03426643833518028,-0.08399356156587601,-0.03108740597963333,-0.05427152290940285,-0.04524786397814751,-0.05363231524825096,-0.03302215412259102,0.014110668562352657,-0.010515671223402023,-0.014675650745630264,-0.039246272295713425,-0.08986210078001022,-0.01829942874610424,-0.039177265018224716,-0.08242730051279068,-0.056318894028663635,-0.06384404003620148,-0.08518356829881668,-0.048922099173069,-0.07125740498304367,-0.020174844190478325,-0.05907855182886124,-0.081913061439991,-0.0632966086268425,-0.038465410470962524,-0.005395489279180765
0.01328439824283123,-0.022238265722990036,0.08237884193658829,0.025462478399276733,0.013116667978465557,0.0019827568903565407,0.013135689310729504,0.057236138731241226,-0.001681264489889145,0.001958194188773632,0.057419441640377045,0.029286928474903107,0.06595312803983688,0.0627310499548912,-0.011105320416390896,0.031096596270799637,0.060749828815460205,0.02269609645009041,0.046218980103731155,0.003728521056473255,-0.00737329525873065,0.019461581483483315,0.04623061418533325,0.009400082752108574,0.02086079865694046,0.06206237152218819,0.025144105777144432,0.0033291711006313562,0.008843869902193546,0.05487442389130592,0.06923511624336243,0.006410532630980015
-0.11512433737516403,-0.05292823538184166,0.0026232274249196053,0.012883401475846767,-0.08659635484218597,-0.09166387468576431,-0.06468256562948227,-0.10931304097175598,-0.025806916877627373,-0.04791483283042908,-0.040556468069553375,-0.011871973983943462,-0.08426915854215622,0.05162326619029045,-0.04478682950139046,-0.07257895916700363,-0.01257265917956829,-0.0065558357164263725,-0.0012232933659106493,-0.06808426976203918,-0.11292996257543564,-0.017973585054278374,0.006386404857039452,-0.032093342393636703,-0.04333697631955147,-0.12050698697566986,-0.005537099204957485,0.00989131722599268,-0.05729286000132561,-0.034857332706451416,-0.0616316944360733,-0.07047209143638611
-0.08563365787267685,-0.09011399745941162,-0.03471297398209572,-0.04442986100912094,-0.003788243280723691,-0.050186753273010254,-0.05154933035373688,-0.002730884123593569,-0.014842011965811253,-0.07041314244270325,-0.005612293723970652,-0.01935349963605404,-0.013750512152910233,0.038230057805776596,-0.06459156423807144,-0.055114567279815674,-0.04149189218878746,-0.04993483051657677,-0.03655099496245384,-0.03642866760492325,-0.053188495337963104,-0.041980791836977005,0.009026525542140007,0.004696742631494999,-0.04164427891373634,0.0005804838729090989,-0.05269883573055267,-0.010649058036506176,-0.041696347296237946,-0.004615355283021927,0.00334648578427732,-0.054467666894197464
-0.041350871324539185,-0.0332493893802166,0.0079807722941041,-0.09691256284713745,-0.05222431942820549,-0.0010047233663499355,-0.050982993096113205,-0.10542905330657959,-0.04654967784881592,-0.04571125656366348,-0.09797264635562897,-0.050030630081892014,-0.03349686414003372,-0.030771393328905106,-0.03799044340848923,0.0022351574152708054,-0.026061369106173515,-0.06798667460680008,-0.07065004110336304,-0.030392473563551903,-0.052070144563913345,-0.05753859505057335,-0.07418841868638992,-0.07485971599817276,-0.03241392970085144,-0.029100002720952034,-0.019797781482338905,-0.015180537477135658,-0.06917422264814377,-0.08725571632385254,-0.07541203498840332,-0.0543670654296875
0.04427093639969826,0.03222011402249336,-0.01813623495399952,-0.003472505835816264,0.10473456233739853,0.043984685093164444,0.05310908332467079,0.04201582819223404,0.039344485849142075,0.0032499204389750957,0.017531605437397957,-0.047559719532728195,0.03051571361720562,0.05003414303064346,0.016212930902838707,0.004187947604805231,-0.01375669240951538,-0.0020202125888317823,0.0006219082279130816,0.02449827454984188,0.034379031509160995,-0.033030372112989426,0.02547326683998108,-0.04291340336203575,0.016676267609000206,0.06879758834838867,0.001312936656177044,0.12157285213470459,0.021759534254670143,0.04933331534266472,0.0017186086624860764,-0.027380650863051414
-0.009722402319312096,-0.0058466591872274876,-0.06707805395126343,-0.049662187695503235,0.03403913602232933,-0.004041359294205904,-0.05598163604736328,-0.03499150648713112,-0.007039209362119436,-0.08341770619153976,-0.006339279003441334,-0.11436138302087784,0.06960522383451462,-0.1198677197098732,-0.02670731581747532,-0.03497309610247612,-0.05479736626148224,-0.052385732531547546,-0.0708114504814148,-0.0911417305469513,-0.09675129503011703,-0.04823959991335869,-0.08914493769407272,-0.021263856440782547,-0.07131975144147873,-0.01673996075987816,-0.15281842648983002,0.023083411157131195,0.012723305262625217,-0.05832637846469879,-0.14136414229869843,-0.04527640715241432
-0.0029245696496218443,0.02895314432680607,-0.0391869843006134,-0.02779127098619938,0.001764701446518302,-0.012993069365620613,-0.04258853942155838,-0.0458822064101696,-0.045407503843307495,-0.08496130257844925,-0.03701665997505188,-0.06532134115695953,0.0666651800274849,-0.020114371553063393,-0.003174940589815378,-0.016985027119517326,-0.01992673985660076,-0.02681262604892254,-0.043368011713027954,-0.015315643511712551,-0.04068382829427719,-0.03115524724125862,-0.040693510323762894,-0.010145051404833794,-0.0392569899559021,-0.011734575033187866,-0.1029549315571785,0.02295652963221073,-0.04253102466464043,-0.026678258553147316,-0.05452332645654678,-0.0081016318872571
0.010258259251713753,0.035278402268886566,-0.04630780965089798,-0.012294908054172993,-0.006977977231144905,-0.05787751078605652,-0.0624057836830616,0.03372820094227791,-0.024656396359205246,-0.0247348640114069,-0.031394269317388535,-0.027257299050688744,-0.023225490003824234,-0.10214954614639282,-0.04874877631664276,-0.033666376024484634,-0.042799316346645355,-0.06241966038942337,-0.03536773473024368,-0.05665908381342888,-0.04950986057519913,-0.03407401219010353,-0.06625580042600632,-0.01170308142900467,-0.05989382043480873,-0.07861247658729553,0.011817986145615578,-0.05377861484885216,-0.014164704829454422,-0.08907470107078552,-0.04854273423552513,-0.010484985075891018
0.026687689125537872,0.05636582151055336,0.02320905402302742,0.05412139743566513,0.06476803869009018,0.01571604236960411,0.030665874481201172,0.021240688860416412,0.039881154894828796,0.07654862105846405,0.0317474901676178,-0.006078870035707951,0.05337405949831009,0.03661702945828438,-0.009702861309051514,-0.03238487243652344,0.05499278008937836,0.05785736069083214,0.05316293612122536,0.11362070590257645,0.02903774008154869,0.012889229692518711,0.03398332744836807,0.02907056361436844,-0.024478275328874588,0.017797114327549934,0.14102540910243988,-0.014098173007369041,-0.011505179107189178,0.003410452278330922,0.061766695231199265,0.0642620325088501
-0.05282660573720932,-0.0070854127407073975,-0.060656823217868805,-0.09226204454898834,0.0006778285023756325,-0.09698443859815598,-0.09027144312858582,-0.03665701299905777,-0.031846992671489716,-0.024410756304860115,-0.004725486971437931,-0.046827998012304306,-0.0358937531709671,0.011130151338875294,-0.08391106128692627,-0.07193557918071747,-0.06679642200469971,-0.06031688675284386,-0.060278717428445816,-0.06697504967451096,-0.09435756504535675,-0.05524471402168274,-0.07763214409351349,-0.06791527569293976,-0.07211378961801529,-0.09640183299779892,-0.11226025223731995,-0.06799827516078949,-0.0600777305662632,-0.056030843406915665,-0.10431075096130371,-0.026888495311141014
-0.062375858426094055,-0.02055390365421772,-0.04208138957619667,-0.04993031173944473,-0.022982949391007423,-0.04602544754743576,-0.03518711030483246,-0.03957455977797508,-0.06321611255407333,0.02216782607138157,-0.018322044983506203,-0.08312549442052841,-0.030261926352977753,-0.002234263112768531,-0.053406890481710434,-0.018591513857245445,-0.011757143773138523,0.007467619609087706,-0.03004666045308113,-0.07102081924676895,-0.014720466919243336,0.006135157309472561,-0.026507942005991936,-0.04971339553594589,-0.07354551553726196,-0.05795329436659813,-0.020806096494197845,-0.05355287343263626,-0.05206975340843201,-0.061592958867549896,-0.050542980432510376,-0.07568150013685226
-0.049298759549856186,0.004205319099128246,-0.06092565134167671,-0.05033113434910774,-0.06721231341362,-0.031433142721652985,-0.00262643676251173,-0.030095117166638374,-0.04763602092862129,-0.031142067164182663,0.013764854520559311,0.007834476418793201,-0.07967861741781235,-0.057699814438819885,-0.0466698594391346,-0.04504144936800003,-0.050014812499284744,-0.04523378238081932,-0.005265369080007076,-0.04668011888861656,-0.04967157170176506,-0.023879248648881912,-0.019319754093885422,-0.035271015018224716,0.004644971340894699,-0.04463781416416168,-0.003485977416858077,-0.03723723441362381,-0.013383673503994942,-0.05665457993745804,-0.04458649083971977,-0.07072900980710983
0.045142028480768204,0.05034983903169632,-0.104502372443676,0.010394128039479256,0.07342300564050674,0.009809425100684166,0.05497065559029579,-0.029158253222703934,0.019453998655080795,0.031803473830223083,0.024053068831562996,-0.005293954163789749,0.049324341118335724,0.012197679840028286,-0.007740282453596592,0.002622799016535282,0.010416162200272083,0.03285800293087959,0.01968531496822834,-0.004906863439828157,0.08314896374940872,0.03868912532925606,0.05435330420732498,0.013300187885761261,-0.0058778440579771996,-0.007636599708348513,0.06982380151748657,0.015303624793887138,0.04208056628704071,0.0419822596013546,-0.014839147217571735,-0.01406137552112341
0.0032381112687289715,-0.007089558523148298,-0.08410453796386719,-0.05099916085600853,-0.00034603849053382874,-0.004145771265029907,-0.008151822723448277,-0.07775475084781647,-0.07149797677993774,-0.11532986164093018,-0.007648524362593889,-0.05440593138337135,-0.060214463621377945,-0.0545160174369812,-0.07763213664293289,-0.11584217846393585,-0.0750679075717926,-0.01417210977524519,-0.07638174295425415,-0.07978953421115875,-0.017344417050480843,-0.06937611103057861,-0.012996002100408077,-0.10764910280704498,-0.07895398885011673,-0.07608947902917862,-0.04864192754030228,-0.015929386019706726,-0.06137871742248535,-0.054767969995737076,-0.04669972136616707,-0.06517685204744339
-0.0003142543137073517,-0.04960587993264198,-0.07646830379962921,-0.021655792370438576,-0.020669465884566307,0.010715286247432232,-0.02854071743786335,-0.07136020809412003,-0.04690390080213547,-0.04382218047976494,-0.023318171501159668,-0.006922130472958088,-0.010531227104365826,-0.04869167134165764,-0.050527896732091904,-0.06821342557668686,-0.015376677736639977,-0.024749910458922386,-0.08658691495656967,-0.04141152277588844,0.023808009922504425,-0.010258596390485764,0.011917775496840477,-0.044117074459791183,-0.07620656490325928,-0.007713348139077425,-0.01883784681558609,-0.07332246750593185,-0.00600910559296608,-0.05288407579064369,-0.05580388009548187,-0.03220026567578316
-0.05778198316693306,-0.05437313765287399,0.017220426350831985,-0.04891745373606682,-0.12170705944299698,-0.022880150005221367,-0.06940526515245438,-0.03642277047038078,-0.0934261828660965,-0.06118123233318329,-0.07874180376529694,-0.015680385753512383,-0.10158035904169083,-0.08650904148817062,-0.07361225038766861,-0.08302421122789383,-0.06657525151968002,-0.054522328078746796,-0.03679558262228966,-0.07695978879928589,-0.08401735126972198,-0.08492511510848999,-0.04628167301416397,-0.0009303070255555212,-0.0451078861951828,-0.08696888387203217,-0.038643598556518555,-0.03348112851381302,-0.06366687268018723,-0.07967241108417511,-0.011427465826272964,-0.07123292982578278
0.09226582199335098,0.0440998449921608,0.00536935031414032,0.01543950755149126,-0.006004971917718649,0.005218366626650095,-0.05182640999555588,0.002413461683318019,-0.013888759538531303,0.03065241500735283,-0.053880318999290466,0.04671816900372505,0.059980347752571106,0.042434923350811005,-0.04253026470541954,0.040117379277944565,0.010808336548507214,-7.487088441848755e-05,0.030795978382229805,-0.024321436882019043,0.02796424739062786,0.061955783516168594,0.06085367873311043,0.04712272062897682,0.04280683398246765,-0.016234103590250015,0.02716071344912052,0.0009503100300207734,-0.006594611797481775,0.018130503594875336,-0.03048843704164028,0.03158889710903168
-0.03831695392727852,-0.053158730268478394,-0.013906574808061123,-0.06680960208177567,-0.026990799233317375,-0.09009214490652084,-0.07541148364543915,-0.04856516793370247,-0.06716013699769974,-0.048230160027742386,-0.048336584120988846,-0.0783061534166336,-0.09467842429876328,-0.08138740807771683,-0.04003003612160683,-0.04410015046596527,-0.03205970674753189,-0.07622401416301727,-0.046748846769332886,-0.089603953063488,-0.09839139878749847,-0.08237788081169128,-0.004319301340728998,-0.09905315935611725,-0.0312681570649147,-0.04770185053348541,-0.039166394621133804,-0.021847447380423546,-0.05919284000992775,-0.009217444807291031,-0.05733281373977661,-0.07590176910161972
0.008153327740728855,-0.04904336854815483,-0.034563787281513214,-0.047196682542562485,-0.02338574081659317,-0.03084161877632141,-0.06890076398849487,-0.07320624589920044,-0.04098431020975113,0.018625879660248756,-0.04094483703374863,0.008894587866961956,-0.01633634977042675,-0.04986331984400749,-0.07528972625732422,-0.0007984188268892467,-0.019576914608478546,-0.023200543597340584,-0.06346694380044937,-0.048586782068014145,-0.0457800030708313,-0.04943257197737694,0.016198815777897835,-0.11757847666740417,0.006540508940815926,-0.026687035337090492,-0.06193661317229271,-0.056735239923000336,-0.012746612541377544,0.03937750682234764,-0.029536496847867966,-0.05478031560778618
-0.038414906710386276,-0.05214919522404671,-0.06606872379779816,-0.02190016210079193,-0.0634344071149826,-0.03932993859052658,-0.04838958755135536,-0.05890301614999771,-0.02288161776959896,-0.10446508973836899,-0.042526476085186005,-0.08075091242790222,-0.0788608118891716,-0.03534772992134094,-0.03567241504788399,-0.03750178962945938,-0.009724264033138752,-0.05845730006694794,-0.05256092548370361,-0.04893802851438522,-0.0375155508518219,-0.070969358086586,-0.05320529267191887,-0.09925983101129532,-0.022324224933981895,-0.05604192987084389,-0.045714061707258224,-0.0348941870033741,-0.037874799221754074,-0.09444767236709595,-0.04271135851740837,-0.06629772484302521
0.008724906481802464,0.04759655520319939,0.010507866740226746,0.004447171464562416,0.009413320571184158,0.03529595956206322,0.042034316807985306,-0.04346197471022606,0.020943747833371162,0.04935925826430321,0.048493653535842896,0.01253943145275116,0.05402248352766037,0.023762688040733337,-0.014696701429784298,0.054314903914928436,0.05491456761956215,-0.01968589425086975,-0.007792280986905098,0.016022175550460815,0.0695447251200676,0.026390062645077705,0.016981882974505424,0.00670982152223587,-0.019334059208631516,-0.006818021181970835,-0.004609405994415283,0.03933032602071762,0.019758570939302444,-0.020834490656852722,0.024755360558629036,0.10797744989395142
-0.0965862050652504,-0.025878198444843292,-0.06212090328335762,-0.061717502772808075,-0.013709800317883492,-0.0871928259730339,0.026841456070542336,-0.06676125526428223,-0.05769900232553482,-0.04138391837477684,-0.0746915191411972,-0.04872511327266693,-0.05995188653469086,-0.03228309750556946,-0.03647620230913162,-0.007379169575870037,-0.03149157017469406,-0.036336470395326614,-0.09684515744447708,0.008574092760682106,-0.08929130434989929,-0.07628658413887024,-0.07867810130119324,-0.09577221423387527,-0.04108797758817673,-0.023621415719389915,-0.05565585196018219,-0.009362940676510334,-0.0599992461502552,-0.017050309106707573,-0.016946878284215927,-0.01748872548341751
-0.023935826495289803,0.0030862886924296618,-0.025562148541212082,-0.005671249702572823,-0.03996584191918373,-0.0770794078707695,-0.004218593239784241,-0.07562669366598129,-0.03857731074094772,-0.046402934938669205,-0.036403805017471313,-0.06766152381896973,0.04298291355371475,-0.010022755712270737,0.02139069139957428,-0.009816871024668217,-0.03845067694783211,-0.04065748304128647,-0.04600450024008751,-0.004139496013522148,-0.00946260429918766,-0.012373737059533596,-0.024861851707100868,-0.03267352283000946,-0.0218751672655344,-0.04689719155430794,-0.0161530040204525,-0.00353658152744174,-0.003202711930498481,-0.022319577634334564,-0.010944521985948086,0.028333628550171852
-0.04934002086520195,-0.0321091003715992,-0.011847209185361862,-0.012568320147693157,-0.030449772253632545,-0.042047154158353806,-0.0019872570410370827,-0.02584749460220337,-0.023122800514101982,-0.0703810304403305,-0.09136999398469925,-0.0292828306555748,-0.01213170774281025,-0.07652098685503006,-0.04590744152665138,-0.028625227510929108,-0.05962246283888817,-0.04349716007709503,-0.02343645878136158,0.011143431067466736,-0.04021691158413887,-0.07244574278593063,-0.013329547829926014,-0.019111905246973038,-0.02784472331404686,-0.020299239084124565,-0.03515499085187912,-0.0367484949529171,-0.04407905414700508,-0.04483907297253609,-0.025512870401144028,-0.11839161813259125
0.009214912541210651,0.021386636421084404,0.020929483696818352,0.05142584443092346,-0.0019197064684703946,0.026158545166254044,0.049864113330841064,-0.021100707352161407,0.06538304686546326,0.06706225872039795,0.16858935356140137,0.024689437821507454,0.06873656809329987,-0.017520327121019363,0.016672750934958458,0.017442211508750916,0.016971614211797714,-0.016387438401579857,0.03540628030896187,0.05526643618941307,0.07209592312574387,-0.03078237548470497,0.008398382924497128,-0.004749817308038473,0.027377154678106308,0.012585639022290707,0.0071001844480633736,0.017115090042352676,0.015961121767759323,0.040543101727962494,0.014010489918291569,0.07094898074865341
-0.10572580993175507,-0.05168110132217407,-0.04000021144747734,-0.010064310394227505,-0.07042168825864792,-0.0538768544793129,-0.11049968749284744,-0.059348709881305695,-0.08496519178152084,-0.02266482636332512,-0.012155833654105663,-0.005123126786202192,0.0021547339856624603,-0.05784570425748825,-0.028153622522950172,-0.04468926787376404,-0.08227792382240295,-0.07857725769281387,-0.06219673529267311,0.0001122932881116867,-0.009257486090064049,-0.0706532821059227,-0.009450549259781837,-0.06485339254140854,-0.0369480699300766,-0.07451139390468597,0.01192263513803482,-0.014921454712748528,-0.0677160769701004,0.007456515450030565,-0.015540877357125282,-0.0025617245119065046
-0.0474708266556263,-0.08326566964387894,-0.05272785946726799,-0.06420974433422089,-0.05631105229258537,-0.020002324134111404,-0.011459564790129662,-0.12009166181087494,-0.01927807368338108,-0.019032681360840797,0.024193454533815384,-0.014468365348875523,0.020545754581689835,-0.016088159754872322,-0.05781862139701843,-0.030986180528998375,-0.0011303438805043697,-0.05964639037847519,-0.04134068638086319,-0.05384119972586632,-0.0309213288128376,-0.0633903220295906,-0.06803306192159653,-0.05677022039890289,-0.0623580701649189,-0.07530876249074936,-0.06799143552780151,-0.028263485059142113,-0.04227878525853157,-0.021683169528841972,-0.00848114863038063,-0.0036341031081974506
-0.05631439387798309,-0.005181809421628714,-0.10993499308824539,-0.022853931412100792,0.04928760603070259,-0.059626758098602295,-0.05795903503894806,-0.011171616613864899,-0.026183467358350754,-0.07979165762662888,-0.007818333804607391,-0.057732727378606796,-0.011157830245792866,-0.038511548191308975,-0.04517408087849617,-0.046370331197977066,-0.007580436300486326,-0.09230804443359375,0.007264386862516403,-0.016197117045521736,-0.0699436143040657,-0.027460871264338493,-0.05054068937897682,-0.02191348187625408,-0.007998516783118248,-0.028160760179162025,-0.030306627973914146,-0.09443221241235733,-0.03345343843102455,-0.036952897906303406,0.004297425039112568,-0.023475758731365204
0.011585308238863945,0.020884323865175247,-0.009928290732204914,0.00886797159910202,0.04868501424789429,0.002644160995259881,0.0019125400576740503,0.0179999191313982,0.06839054822921753,0.07190228998661041,0.055178042501211166,-0.0021064134780317545,0.03430815413594246,0.05942018702626228,0.0340631827712059,-0.014828640036284924,0.10422516614198685,0.033231232315301895,0.10525686293840408,0.011252623051404953,0.051512330770492554,0.052590131759643555,0.06603167951107025,0.03414291515946388,0.05099444463849068,0.018180839717388153,0.08142965286970139,0.015295046381652355,-0.016448399052023888,0.06826850026845932,-0.011041325516998768,0.051033079624176025
-0.08369143307209015,-0.08535178005695343,-0.029514096677303314,-0.03750287741422653,-0.00897055584937334,-0.06828834861516953,-0.0744900181889534,0.0033797938376665115,-0.07434012740850449,-0.025053534656763077,-0.12349510937929153,-0.03584180772304535,-0.05018311366438866,-0.0332825742661953,0.006101988721638918,-0.0856262743473053,-0.04752426594495773,-0.0922861248254776,0.015511159785091877,-0.06450513005256653,0.023933066055178642,-0.0736745148897171,-0.021189644932746887,-0.008783730678260326,0.022135768085718155,-0.09394504874944687,0.005908658262342215,-0.02848869375884533,-0.0715223029255867,-0.0449952632188797,0.0018700282089412212,0.005357794463634491
-0.02033759467303753,-0.0883869156241417,-0.041221413761377335,-0.02155248448252678,-0.06964866816997528,-0.04492929205298424,-0.04648945480585098,-0.010784246027469635,-0.020414642989635468,0.014058772474527359,-0.01910649985074997,-0.031393639743328094,-0.03835367038846016,-0.006084638647735119,0.0026844097301363945,-0.0782797783613205,-0.06787754595279694,-0.026741694658994675,0.04253342002630234,-0.10498703271150589,-0.0466509647667408,-0.050474558025598526,0.01262552011758089,-0.10672007501125336,-0.0480438768863678,-0.06293756514787674,0.018216466531157494,-0.006877218838781118,-0.053304001688957214,-0.03211534768342972,-0.04549969732761383,0.00875885970890522
-0.04678523913025856,-0.04331362619996071,-0.05833195522427559,-0.045658010989427567,-0.031167281791567802,-0.01743883080780506,-0.026586806401610374,-0.03100399672985077,-0.04336666688323021,-0.06489286571741104,-0.05351072549819946,-0.06381779909133911,-0.05844937637448311,-0.08583591878414154,-0.03331608697772026,-0.057412635535001755,-0.040007881820201874,-0.042663805186748505,-0.02597803995013237,0.0031707475427538157,-0.039458904415369034,-0.04153938964009285,-0.04494842141866684,-0.057294029742479324,-0.03081764467060566,-0.0349465012550354,-0.02017039991915226,-0.05489632114768028,-0.034252386540174484,-0.08628275245428085,-0.05968216434121132,-0.04612084850668907
0.034773968160152435,0.04884622246026993,0.06299036741256714,0.0005192607059143484,0.01299680583178997,-0.0024137934669852257,0.014191970229148865,-0.0055197663605213165,0.07531159371137619,-0.01632225327193737,0.03798443078994751,0.027519114315509796,0.03766189515590668,-0.02260700985789299,0.01337889488786459,0.007680412381887436,-0.015787428244948387,0.010931920260190964,0.057882387191057205,0.05333249643445015,-0.02151234820485115,0.03667638450860977,0.06062230095267296,0.06315700709819794,0.022442404180765152,-0.024255597963929176,0.013154417276382446,0.03978869318962097,0.043887048959732056,-0.022540489211678505,0.0016590927261859179,0.009114649146795273
-0.05010928586125374,-0.06585182249546051,-0.14531295001506805,-0.06501907110214233,-0.04089917242527008,-0.03994515910744667,-0.04663746431469917,-0.05233814939856529,-0.0663202777504921,-0.03764156252145767,-0.029134022071957588,-0.06490891426801682,0.0209648497402668,-0.08051656186580658,-0.08466203510761261,-0.013850926421582699,-0.07691635191440582,-0.114377960562706,-0.033715974539518356,-0.018404660746455193,-0.053538355976343155,0.001514929928816855,-0.03870457410812378,-0.05098964273929596,-0.09135817736387253,-0.05066801235079765,-0.102136991918087,-0.1343865692615509,-0.032135508954524994,-0.07994119077920914,-0.027027040719985962,-0.04996670037508011
-0.09042491018772125,0.02418997883796692,-0.017012128606438637,-0.003919690847396851,-0.04510707035660744,-0.03052067756652832,-0.05925784260034561,-0.06183343380689621,-0.00854367297142744,-0.013246613554656506,-0.005779318977147341,-0.04814314842224121,-0.004490397404879332,-0.051966629922389984,-0.03752146288752556,-0.053332000970840454,-0.04673158377408981,-0.06429283320903778,-0.04609932377934456,-0.008555961772799492,-0.06739232689142227,0.03214368596673012,-0.002557562431320548,-0.015474563464522362,-0.043160539120435715,-0.07642397284507751,-0.04299592226743698,-0.008555791340768337,-0.0442984364926815,-0.06696747243404388,-0.03179314732551575,-0.020251071080565453
-0.06484711915254593,-0.029344705864787102,-0.031564850360155106,-0.030879374593496323,-0.07294181734323502,-0.019376952201128006,0.029329825192689896,-0.0509672611951828,-0.050915610045194626,0.00238961074501276,-0.057951733469963074,-0.03105347231030464,-0.0852450281381607,-0.033564209938049316,-0.041831888258457184,-0.03799011930823326,-0.04089318960905075,-0.021053487434983253,-0.06758426874876022,-0.009314707480370998,-0.05162395164370537,-0.06200399622321129,-0.05176246538758278,-0.07012031227350235,-0.046479418873786926,-0.00991207454353571,-0.029576562345027924,-0.036832138895988464,-0.07312726229429245,-0.027593577280640602,-0.07831798493862152,-0.0652877688407898
0.026015987619757652,-0.004517213441431522,0.06121054291725159,0.023944823071360588,-0.024753643199801445,0.012096909806132317,0.012347583658993244,-0.0008886471623554826,-0.07697854936122894,0.03440439701080322,0.04706503450870514,0.03565749526023865,0.07466241717338562,0.02546270377933979,0.02270343154668808,-0.0077039687894284725,0.0010268385522067547,0.07449226081371307,-0.01007887814193964,0.07556918263435364,0.003856358118355274,0.04237469658255577,0.07333545386791229,0.06390972435474396,0.04374366253614426,-0.00020546093583106995,0.02184189297258854,0.007933039218187332,0.049777571111917496,-0.005870153196156025,0.0073910122737288475,0.05376438796520233
-0.0024770915042608976,0.006763183046132326,-0.04338541999459267,-0.050239693373441696,-0.09352925419807434,-0.07076400518417358,-0.05498350039124489,-0.06504804641008377,-0.08530549705028534,-0.07114315032958984,-0.11187932640314102,-0.0300736241042614,-0.02037431113421917,-0.0557020828127861,-0.04501354694366455,-0.01799778826534748,-0.007868542335927486,-0.0658167377114296,-0.021680813282728195,-0.019332269206643105,-0.06950682401657104,-0.051777586340904236,-0.05528710409998894,-0.07684145867824554,-0.07810438424348831,-0.029998404905200005,-0.05185829848051071,-0.0649840459227562,-0.06713730096817017,-0.03214770928025246,-0.038503047078847885,-0.09548407047986984
0.02483265846967697,-0.017605621367692947,0.011177873238921165,-0.015003900043666363,-0.06561478972434998,-0.08262651413679123,-0.11306817084550858,-0.05641194060444832,-0.07904946804046631,-0.06253276020288467,-0.028002791106700897,-0.025451233610510826,0.014307943172752857,-0.05151538550853729,-0.01955854520201683,-0.0351795069873333,-0.029336774721741676,-0.005180918145924807,-0.061722468584775925,-0.03676454350352287,-0.030218455940485,0.005407972261309624,-0.0242183618247509,-0.04442935436964035,-0.012327727861702442,-0.01433620136231184,-0.026993567124009132,-0.0232977494597435,-0.019065970554947853,-0.03972535952925682,-0.01845196634531021,-0.02327120117843151
-0.05209451541304588,-0.03285427764058113,-0.037285562604665756,0.04403718188405037,-0.04687273129820824,-0.0680844858288765,-0.05808265879750252,0.014231668785214424,-0.04825814068317413,-0.010307637974619865,-0.07559897005558014,-0.05063837394118309,-0.05207255482673645,-0.059237077832221985,-0.01085689291357994,-0.036521267145872116,-0.05324239283800125,-0.041101180016994476,-0.04283354431390762,-0.014951271004974842,-0.05766678228974342,-0.027408668771386147,-0.039103053510189056,-0.07888234406709671,-0.030101604759693146,-0.018363380804657936,-0.05774984508752823,-0.014577776193618774,-0.03619132190942764,-0.05813809856772423,-0.014923232607543468,-0.10033006221055984
0.0418921560049057,0.020997995510697365,0.06009397283196449,0.02853776514530182,0.004149669781327248,0.051052916795015335,0.07784321159124374,0.0630975067615509,-0.019718943163752556,0.07120835036039352,0.06478803604841232,0.04476045444607735,0.08868373930454254,0.041713960468769073,0.04570649191737175,0.043522708117961884,0.05079621076583862,0.07796189934015274,0.0425344817340374,0.009228501468896866,0.07340230792760849,-0.0013917386531829834,0.02440953068435192,0.01683100499212742,0.003877788782119751,0.06819215416908264,0.0453469455242157,0.0010057310573756695,0.007591902278363705,-0.031378742307424545,0.01669161207973957,0.005035595502704382
0.029496794566512108,-0.009530787356197834,-0.035316310822963715,-0.008531136438250542,-0.00828036293387413,-0.03993607684969902,-0.008746853098273277,0.022304421290755272,-0.04156716912984848,0.03037441521883011,-0.047827303409576416,-0.02463502809405327,0.05247948691248894,-0.058286845684051514,-0.00638114009052515,-0.02197529748082161,-0.07441844791173935,-0.05189509317278862,-0.08333061635494232,-0.05775551125407219,0.0351947583258152,-0.052064623683691025,-0.018072670325636864,-0.06036193296313286,-0.07558702677488327,-0.04186391085386276,-0.025807306170463562,-0.03570381924510002,-0.06354600936174393,-0.019130922853946686,-0.001947664888575673,-0.08336189389228821
-0.05102565512061119,-0.03860046714544296,-0.0030243152286857367,-0.04249999672174454,-0.03922336548566818,-0.022004034370183945,-0.004715424962341785,-0.0026200164575129747,-0.07025676220655441,0.048321910202503204,-0.08465275168418884,-0.0187334343791008,-0.0009458099375478923,0.011309904046356678,-0.030774742364883423,-0.025539183989167213,-0.06542365998029709,0.0005437693325802684,-0.022777052596211433,-0.05276923626661301,0.0014898168155923486,-0.017461072653532028,-0.021847598254680634,-0.01291352417320013,-0.022826023399829865,-0.033785611391067505,-0.045808471739292145,0.005563992541283369,-0.029111040756106377,-0.02705235779285431,-0.00820909347385168,-0.021527880802750587
-0.05789604410529137,-0.05398554354906082,-0.047974005341529846,-0.0027936510741710663,-0.05369095504283905,-0.07627062499523163,-0.08086138963699341,-0.10171785205602646,-0.07951713353395462,-0.00908107403665781,-0.07935380935668945,-0.06873081624507904,-0.05924218147993088,-0.04045853763818741,-0.049849942326545715,-0.02915240079164505,-0.09789551049470901,-0.050596095621585846,-0.06947638839483261,-0.035098351538181305,-0.042268697172403336,-0.012959230691194534,-0.04590220749378204,-0.004675563424825668,0.02620532549917698,-0.06328977644443512,-0.04501175507903099,-0.001342800329439342,-0.023159494623541832,-0.0104260528460145,-0.06759321689605713,-0.03672122210264206
0.08454208076000214,0.00520985946059227,0.04371775686740875,0.03647495061159134,0.03286838158965111,0.02814107947051525,0.023016566410660744,0.0017210710793733597,0.012951811775565147,0.03324422985315323,-0.0013429810060188174,-0.01736423559486866,-0.0006410068599507213,0.10625940561294556,0.0474044606089592,0.07790318876504898,-0.00695887440815568,-0.023720530793070793,0.010189084336161613,0.028968248516321182,-0.004367136862128973,-0.00855104997754097,0.04033045098185539,0.049452975392341614,-0.00992039404809475,0.02319001406431198,0.01917797327041626,0.023676853626966476,0.013303074985742569,-0.006782987155020237,0.062406864017248154,0.04439942538738251
-0.03959551453590393,-0.05550885945558548,0.01211386825889349,-0.010827990248799324,-0.04771706089377403,-0.10318665206432343,-0.1898115575313568,-0.013620005920529366,-0.041719935834407806,-0.02041751518845558,-0.10387267172336578,-0.08484773337841034,-0.04695700481534004,-0.04319659247994423,-0.0365072637796402,-0.02048882469534874,-0.09896133840084076,-0.028102010488510132,-0.10351767390966415,0.01903415285050869,-0.06305621564388275,-0.08180785924196243,-0.05407944321632385,-0.053488295525312424,-0.022112669423222542,-0.04490307345986366,0.022801153361797333,-0.08715903759002686,0.016408341005444527,-0.042051780968904495,-0.06909116357564926,-0.03189209848642349
-0.031862884759902954,-0.026065662503242493,0.0018115803832188249,-0.024538323283195496,-0.014726094901561737,-0.08311182260513306,-0.08324845880270004,-0.03755481541156769,-0.05218176916241646,-0.06148029863834381,-0.041783109307289124,-0.0842985138297081,-0.03926732763648033,-0.009147289209067822,-0.014565153047442436,0.008775115944445133,-0.04421604797244072,-0.093454509973526,-0.028726689517498016,2.6399269700050354e-05,-0.0727342963218689,-0.07439747452735901,-0.047389667481184006,-0.05443674698472023,-0.015849929302930832,-0.004710564389824867,-0.020290616899728775,-0.03785267844796181,-0.02437790110707283,-0.05393368378281593,-0.031117521226406097,-0.06741810590028763
-0.05271502956748009,-0.0403316468000412,-0.10589920729398727,-0.0640745609998703,-0.06741725653409958,-0.1114942729473114,-0.017726976424455643,-0.03354016691446304,-0.02903672493994236,-0.03166898339986801,-0.07815336436033249,-0.0449153333902359,-0.03835281729698181,-0.1190081238746643,-0.06398063153028488,-0.09213574975728989,-0.037757474929094315,-0.07202162593603134,-0.02195614017546177,-0.04534387215971947,-0.05865037441253662,-0.07143330574035645,-0.0476347841322422,-0.0389586016535759,-0.06124907732009888,-0.056175000965595245,-0.07003317028284073,-0.062337685376405716,-0.022952597588300705,-0.06398565322160721,-0.047609273344278336,-0.05640951916575432
0.01975431479513645,0.058744773268699646,-0.06679071485996246,0.022458473220467567,0.008781730197370052,-0.006283502094447613,0.09598574042320251,0.026287255808711052,-0.012968618422746658,-0.01396118849515915,-0.009351902641355991,0.045359231531620026,0.02458825521171093,-0.013178244233131409,0.0671684667468071,0.029179846867918968,0.04874187335371971,-0.06747599691152573,0.036019183695316315,0.06272587180137634,0.023989548906683922,-0.027169447392225266,-0.01777413859963417,0.000540725770406425,-0.009280722588300705,0.02159172296524048,0.04087170585989952,0.05540762096643448,0.0038561199326068163,-0.0014879839727655053,-0.026241416111588478,0.027348585426807404
-0.07235808670520782,-0.05204341933131218,-0.07591930776834488,-0.0778345912694931,-0.044052764773368835,-0.07184326648712158,-0.0450485460460186,-0.006403899285942316,-0.033574461936950684,-0.06467575579881668,-0.022793365642428398,-0.030443143099546432,-0.10716389864683151,-0.010858981870114803,-0.08509291708469391,-0.09762590378522873,-0.035708948969841,-0.010460825636982918,-0.02424635924398899,-0.06898978352546692,-0.04453540965914726,-0.08234933763742447,-0.04353781044483185,-0.07475071400403976,-0.0018791682086884975,-0.02062167041003704,-0.024947846308350563,-0.060942865908145905,-0.02148222178220749,-0.038916949182748795,-0.07981625944375992,-0.07429087907075882
-0.04514479264616966,-0.024987878277897835,-0.0626089870929718,-0.028486892580986023,0.002575595397502184,-0.009151641279459,0.007675546687096357,-0.10414984822273254,-0.045084692537784576,-0.055475421249866486,-0.027754614129662514,0.03689993545413017,-0.059491898864507675,-0.03913579136133194,-0.01670977659523487,-0.05262250080704689,-0.0008689367095939815,-0.018142186105251312,-0.022217221558094025,-0.03270065784454346,-0.02176402136683464,-0.06599701195955276,-0.025739116594195366,-0.07531794160604477,0.0033608367666602135,-0.0001390501856803894,-0.017314111813902855,-0.013522696681320667,-0.04031511768698692,-0.03769173100590706,-0.1069318950176239,-0.019055841490626335
-0.05505695194005966,-0.022960109636187553,-0.011491276323795319,-0.057358622550964355,-0.08932997286319733,-0.0005024912534281611,-0.03268366679549217,-0.07121787220239639,-0.0931258425116539,-0.008846073411405087,-0.0758364200592041,-0.044629331678152084,-0.07922084629535675,-0.0401642806828022,-0.04523526132106781,-0.03606757894158363,-0.03814883157610893,-0.00038063153624534607,-0.023176707327365875,-0.04462968930602074,-0.09430822730064392,-0.037056878209114075,-0.044264644384384155,-0.0804125964641571,-0.02814720757305622,-0.07018574327230453,-0.034750960767269135,-0.01154438965022564,-0.0423017255961895,-0.06786514073610306,-0.05233912914991379,-0.07010383903980255
-0.009429747238755226,0.0076503814198076725,-0.017086690291762352,0.013956015929579735,0.009968671947717667,0.019157368689775467,0.0714358538389206,-0.01675555296242237,-0.050395019352436066,0.03543062508106232,0.05222318693995476,0.07606559246778488,0.031183864921331406,0.03364302217960358,-0.014339877292513847,0.024907538667321205,-0.018287293612957,0.01734096370637417,-0.01163545437157154,0.017188532277941704,-0.023920083418488503,-0.0015026243636384606,0.006201835814863443,-0.020806655287742615,-0.012589042074978352,0.01779293827712536,-0.020467324182391167,0.009001797065138817,0.023156795650720596,0.03612653166055679,-0.03285511955618858,0.0237822737544775
-0.021685412153601646,-0.04194622114300728,-0.07810036092996597,-0.08235544711351395,-0.0657239481806755,-0.05743863806128502,-0.12358910590410233,-0.09092646092176437,-0.0949355736374855,-0.03903740271925926,-0.09460807591676712,-0.0484837107360363,-0.08383874595165253,-0.034671664237976074,-0.1007634773850441,-0.02566763572394848,-0.051738474518060684,-0.0305449478328228,-0.08966680616140366,-0.0520843043923378,-0.02459452673792839,-0.030095187947154045,-0.030284883454442024,-0.08673318475484848,-0.0716252401471138,-0.0521509014070034,-0.10522550344467163,-0.07740984857082367,-0.038025498390197754,-0.052878860384225845,-0.01759224198758602,-0.10036175698041916
-0.005508800037205219,-0.052490439265966415,-0.04869116470217705,-0.05294302478432655,-0.03010396845638752,-0.07605132460594177,-0.014848409220576286,-0.025050349533557892,-0.05457703769207001,-0.013346393592655659,-0.027683502063155174,0.012356476858258247,-0.015455270186066628,-0.02762439101934433,-0.07859167456626892,-0.014888296835124493,-0.06053581461310387,-0.08157999068498611,-0.06356586515903473,-0.05261456221342087,-0.06499583274126053,-0.07322632521390915,-0.04466581344604492,-0.015673696994781494,-0.04265246540307999,-0.01110376138240099,-0.051793426275253296,-0.09160582721233368,-0.03707921877503395,-0.03512151911854744,-0.05287269875407219,-0.029753072187304497
-0.012382772751152515,-0.0689866915345192,-0.014023235999047756,-0.055502090603113174,-0.06291787326335907,-0.0420968271791935,-0.046124767512083054,-0.06301957368850708,-0.05163583159446716,-0.06404073536396027,-0.04314325004816055,-0.08290418237447739,-0.03100874088704586,-0.044269151985645294,-0.05185352638363838,-0.05477486923336983,-0.06665192544460297,-0.09004854410886765,-0.046956874430179596,-0.021230168640613556,-0.04624757170677185,-0.08668477088212967,-0.053930703550577164,-0.016148870810866356,-0.05146137252449989,-0.02690368890762329,-0.010445065796375275,-0.040798161178827286,-0.07331950217485428,-0.09783302247524261,-0.033211201429367065,-0.07847703993320465
-0.02241264283657074,0.007986269891262054,0.014891142025589943,0.010849686339497566,0.010599621571600437,-0.040882959961891174,0.013181744143366814,0.06528539955615997,0.048952724784612656,0.01564900018274784,0.058567117899656296,0.027018288150429726,0.037502169609069824,0.11647336184978485,0.00549430213868618,-0.03084835223853588,-0.0493890754878521,0.015967978164553642,0.040155746042728424,0.06246424838900566,0.00022990722209215164,-0.06819748878479004,0.005453241523355246,0.050611115992069244,0.012627401389181614,0.03775414079427719,0.009710045531392097,0.01266053318977356,0.015544705092906952,0.034436795860528946,-0.0035589775070548058,0.08870986849069595
-0.06443609297275543,-0.05938459932804108,-0.04795897379517555,-0.08682958036661148,-0.014951568096876144,-0.06304001808166504,-0.01751643419265747,-0.07373017817735672,-0.04059683904051781,-0.024988900870084763,-0.011025472544133663,-0.013050110079348087,-0.1000123843550682,0.012686139903962612,-0.05689241364598274,-0.025736942887306213,-0.0680917426943779,-0.05048880726099014,0.018730193376541138,-0.00059954245807603,-0.05909297242760658,-0.08730608969926834,-0.0522812157869339,-0.06163850799202919,-0.0381767675280571,0.0006131770787760615,-0.07027097046375275,-0.047953732311725616,-0.08368276804685593,-0.05342729389667511,-0.04765321686863899,-0.025745809078216553
-0.06997537612915039,-0.07059269398450851,-0.05278279632329941,-0.02446584776043892,-0.01952482759952545,-0.07877390831708908,-0.06943342089653015,-0.035380106419324875,-0.015768136829137802,-0.019550127908587456,0.0014936948427930474,-0.014446711167693138,-0.05276116728782654,0.016286473721265793,-0.03066897951066494,-0.06068471446633339,-0.07111051678657532,-0.04466267302632332,0.03566696122288704,0.00927635096013546,-0.0434320867061615,-0.09411341696977615,-0.010012492537498474,-0.02088194154202938,0.005978160537779331,0.015375351533293724,-0.01830364391207695,-0.04440303519368172,-0.05986180901527405,-0.01046422217041254,-0.051154132932424545,0.010129783302545547
-0.010666088201105595,-0.02880762331187725,-0.05131269246339798,-0.06390572339296341,-0.041204195469617844,0.014583897776901722,-0.08688781410455704,-0.04578697681427002,-0.045832082629203796,-0.13987325131893158,-0.052467770874500275,-0.04230431839823723,-0.046601783484220505,-0.06996365636587143,-0.05330684781074524,-0.0532703697681427,-0.041426416486501694,-0.030104046687483788,-0.06537651270627975,-0.09822370111942291,-0.03548165038228035,-0.07164722681045532,-0.03489398583769798,-0.03646720200777054,-0.02667512372136116,-0.09011043608188629,-0.04747430235147476,-0.07900406420230865,-0.08906998485326767,-0.028078662231564522,-0.008341329172253609,-0.047815512865781784
-0.015208547003567219,-0.013055380433797836,0.10283247381448746,0.04330351948738098,-0.009020140394568443,0.03668857365846634,-0.04582223668694496,0.0521434023976326,0.030284732580184937,-0.05299777537584305,-0.0023702094331383705,-0.00023393891751766205,0.008720804937183857,0.036061570048332214,0.05063663050532341,0.025735750794410706,-0.018640566617250443,0.04343141242861748,0.02453169971704483,0.04126672446727753,0.021653378382325172,-0.03661378473043442,-0.026098152622580528,0.023631436750292778,-0.00968590285629034,0.04346904903650284,0.016729898750782013,-0.0011000237427651882,-0.003332225838676095,0.00486787362024188,-0.00028503965586423874,0.056031420826911926
-0.040840089321136475,-0.01669781282544136,-0.09915915131568909,-0.05379399657249451,-0.02918836660683155,0.012681298889219761,-0.04500579088926315,-0.11673607677221298,-0.0784015953540802,-0.06299025565385818,-0.05912300571799278,-0.009460853412747383,0.005802545230835676,-0.03770757094025612,-0.09803441911935806,-0.022213483229279518,-0.06777617335319519,0.010704878717660904,-0.076134592294693,-0.04314793273806572,-0.04445565864443779,-0.057984936982393265,-0.11201488226652145,-0.08961867541074753,-0.056867390871047974,-0.04212664067745209,-0.07338517904281616,-0.02849355712532997,-0.06808558851480484,-0.06063523516058922,-0.04614950716495514,-0.11018621921539307
-0.09352630376815796,-0.0824539065361023,0.01165222842246294,-0.006962923798710108,-0.005645326338708401,0.010496624745428562,-0.025279145687818527,-0.025030467659235,-0.027914904057979584,-0.012201015837490559,0.007664347067475319,-0.013483294285833836,-0.043818969279527664,-0.02378307841718197,-0.02262631244957447,-0.0055633666925132275,-0.08874838799238205,-0.005872406996786594,-0.020725160837173462,-0.024364260956645012,-0.05474134162068367,-0.12015607953071594,-0.05417509004473686,-0.04199481010437012,-0.048962436616420746,-0.012671691365540028,-0.06122979521751404,-0.045058079063892365,-0.06698189675807953,-0.024913324043154716,-0.029661251232028008,-0.02281058020889759
-0.040550410747528076,-0.08312374353408813,-0.11473087221384048,-0.0763854905962944,-0.06318425387144089,-0.05987856537103653,-0.02219752036035061,-0.008610565215349197,-0.07871414721012115,-0.029688721522688866,-0.050708264112472534,-0.007759956642985344,-0.08776926249265671,-0.04321645572781563,-0.08929184079170227,-0.12280686944723129,-0.0763559490442276,-0.04573966935276985,-0.08573473989963531,-0.033677034080028534,-0.04860585555434227,-0.057942330837249756,-0.04553111642599106,-0.028651831671595573,-0.02643071673810482,-0.06958084553480148,-0.0297310259193182,0.01047679502516985,-0.029126852750778198,-0.02557751163840294,-0.0428721085190773,-0.08377822488546371
-0.037624359130859375,-0.019613033160567284,0.006600168067961931,-0.026533907279372215,-0.003843161277472973,0.08293206244707108,-0.010228607803583145,0.041689153760671616,0.005705860443413258,0.025273431092500687,0.03035169094800949,0.015073438175022602,-0.06223874166607857,0.08172309398651123,-0.03339849039912224,0.0066723753698170185,-0.006530392449349165,0.01697070337831974,-0.03468833491206169,0.06512391567230225,-0.03788214921951294,0.029767297208309174,0.014133231714367867,-0.037569720298051834,0.0579652301967144,0.06451021134853363,-0.04005463048815727,0.04047587513923645,-0.07121169567108154,-0.07535869628190994,0.00011037848889827728,-0.013434046879410744
-0.037406329065561295,-0.06226613000035286,-0.0991269126534462,-0.1190013512969017,-0.06661634147167206,-0.10000355541706085,-0.04039616137742996,-0.06430620700120926,-0.07430204004049301,-0.04284684732556343,-0.08684328198432922,-0.03986269235610962,-0.11153065413236618,-0.006504206918179989,-0.08370576798915863,-0.14814995229244232,-0.08698105067014694,-0.02298101969063282,-0.057628121227025986,-0.027201540768146515,-0.06376668065786362,-0.12885858118534088,-0.06963290274143219,-0.06319413334131241,-0.10253288596868515,-0.06615643203258514,-0.10266496986150742,-0.05050002038478851,-0.0962047129869461,-0.08907917886972427,-0.06536144018173218,-0.05180362984538078
0.0066654565744102,-0.03406498208642006,-0.028236862272024155,-0.07960332185029984,-0.04831160977482796,0.022155016660690308,0.025075914338231087,-0.06042509526014328,-0.008616543374955654,0.004548154305666685,-0.04986007139086723,-0.06332014501094818,-0.025484547019004822,0.02632124349474907,-0.05702739208936691,-0.014203702099621296,-0.04321637377142906,0.01523399818688631,-0.047547198832035065,-0.011968121863901615,-0.029087573289871216,-0.047554947435855865,-0.020141366869211197,-0.06664250791072845,0.014482892118394375,-0.034653495997190475,-0.03315691277384758,0.002367395209148526,-0.07365068048238754,-0.041615840047597885,-0.038550280034542084,-0.030693238601088524
-0.04064378887414932,-0.07191843539476395,-0.026078859344124794,-0.0431421734392643,-0.019334858283400536,-0.10929082334041595,-0.07692071050405502,-0.04414783790707588,-0.035449422895908356,-0.09876275062561035,-0.05384010076522827,-0.04744778573513031,-0.00704767182469368,-0.03883742541074753,-0.024556301534175873,-0.015458754263818264,-0.03554164245724678,-0.051350194960832596,-0.005066755227744579,-0.04371451586484909,-0.03618382662534714,-0.044992245733737946,-0.07584302127361298,-0.06278131157159805,-0.04489564150571823,-0.032648783177137375,-0.03977266326546669,-0.048376262187957764,-0.039170265197753906,-0.023804303258657455,-0.07100903987884521,-0.044248275458812714
0.08270972222089767,0.03143533319234848,-0.016043834388256073,0.024005210027098656,0.05988669395446777,0.0905180424451828,0.030314665287733078,0.005951476749032736,0.06518125534057617,-0.009966370649635792,0.07985846698284149,0.011216922663152218,0.0740666314959526,0.09479427337646484,0.03323282673954964,0.0816575437784195,0.032746367156505585,-0.012708480469882488,0.027867408469319344,0.08932468295097351,0.0057043591514229774,0.027951698750257492,-0.017452750355005264,0.024027524515986443,0.06211903691291809,0.04031898453831673,0.054780442267656326,0.039085716009140015,0.0175752192735672,0.13799971342086792,0.05397093668580055,0.047375328838825226
-0.05956578627228737,-0.06457535177469254,-0.0814250111579895,-0.045904096215963364,-0.05662841349840164,0.01158560998737812,-0.008798844181001186,-0.039632804691791534,-0.028723981231451035,-0.10400748997926712,0.016622275114059448,-0.04650336876511574,-0.040359389036893845,-0.07007812708616257,0.024711763486266136,-0.06799591332674026,-0.08249416202306747,-0.05739538371562958,-0.08824089914560318,-0.0930318683385849,-0.017033858224749565,-0.16240736842155457,-0.054768916219472885,-0.08728598058223724,-0.09814593940973282,-0.09960763156414032,-0.060678835958242416,-0.019614556804299355,-0.04790565371513367,0.02820892073214054,-0.07375214993953705,-0.045917194336652756
-0.037387970834970474,-0.006739597301930189,-0.09653648734092712,-0.014925960451364517,-0.04118470475077629,-0.02152388170361519,0.0213913731276989,-0.028987152501940727,-0.04748997092247009,-0.09077327698469162,-0.027503788471221924,-0.02472037635743618,-0.034105975180864334,-0.02845040336251259,-0.006804468110203743,-0.0503561869263649,-0.0744282603263855,0.0038052350282669067,-0.0814986452460289,0.008243512362241745,-0.013069730252027512,-0.05093151703476906,-0.07664786279201508,-0.049897197633981705,-0.0450967475771904,-0.07608024775981903,-0.03104686737060547,0.03176522254943848,-0.022778930142521858,-0.009639771655201912,-0.0539667122066021,-0.020429376512765884
-0.09422243386507034,-0.02291812375187874,-0.04632153362035751,-0.035415876656770706,-0.049871545284986496,-0.06151733174920082,-0.007071267813444138,-0.03383798897266388,-0.02912495844066143,-0.07210462540388107,-0.11312129348516464,-0.061854805797338486,-0.07954350858926773,-0.0625477060675621,-0.0538041777908802,-0.05710529163479805,-0.018644167110323906,-0.05861084163188934,-0.05349905043840408,-0.07875354588031769,-0.05076358839869499,-0.023258674889802933,-0.03830202296376228,-0.048690393567085266,-0.07211130857467651,-0.02599145844578743,-0.06258940696716309,-0.03696354478597641,0.018589412793517113,-0.06925118714570999,-0.1034424901008606,-0.038200315088033676
0.008511345833539963,0.0856381356716156,0.04318341985344887,0.029660286381840706,0.01800510287284851,-0.026577867567539215,0.04360256716609001,0.08230430632829666,0.0002463143318891525,0.026230035349726677,0.028396399691700935,0.012880300171673298,0.06315892189741135,0.07121172547340393,0.033939946442842484,-0.018737049773335457,-0.026669630780816078,-0.008327837102115154,0.002143766963854432,0.11005629599094391,-0.009524665772914886,0.058165665715932846,-0.05576593056321144,0.04302649199962616,0.07317353785037994,0.051617834717035294,0.09297890961170197,0.009025071747601032,0.004469368141144514,-0.009817846119403839,0.0010122689418494701,0.0008362789521925151
-0.08142422884702682,-0.022878846153616905,-0.04843506962060928,-0.004339397884905338,-0.021314233541488647,-0.03105914406478405,-0.029387088492512703,-0.010823305696249008,-0.03259362652897835,-0.05373932048678398,-0.013973611406981945,-0.034722864627838135,-0.11272315680980682,-0.13725504279136658,-0.0739111453294754,-0.09149543195962906,-0.0318867489695549,-0.042120520025491714,-0.04894749075174332,-0.055066268891096115,-0.045871030539274216,-0.013857373967766762,-0.11597546190023422,-0.036976929754018784,-0.015692634508013725,-0.06701874732971191,0.0040707713924348354,-0.09021704643964767,-0.0017743929056450725,-0.08586153388023376,-0.10977673530578613,-0.036391109228134155
-0.05629932880401611,-0.05096346139907837,-0.007722688838839531,-0.014039761386811733,-0.004127411637455225,-0.006830503698438406,-0.011870773509144783,-0.032650064677000046,-0.04490062594413757,-0.035446472465991974,0.02875516563653946,-0.023813992738723755,-0.040244411677122116,-0.018856381997466087,-0.08094510436058044,-0.04886834695935249,-0.048497267067432404,-0.07173164933919907,-0.03569584712386131,-0.03952091187238693,-0.026695070788264275,-0.00601905956864357,-0.05975012853741646,-0.03888506069779396,0.001531629473902285,-0.07018125057220459,-0.03128853812813759,-0.02490711212158203,-0.06884022057056427,-0.014787251129746437,-0.08239013701677322,-0.005159839987754822
-0.034289661794900894,-0.07385275512933731,-0.0580294132232666,-0.05829867348074913,-0.05415996164083481,-0.05031499266624451,-0.10653436183929443,-0.036492932587862015,-0.04537403956055641,-0.04258405789732933,-0.07738573104143143,-0.021464413031935692,-0.05882374569773674,-0.04162405803799629,-0.07559295743703842,-0.026655737310647964,-0.032149069011211395,-0.008298645727336407,-0.050355248153209686,-0.07658758014440536,-0.046941421926021576,-0.02228156104683876,-0.03887847810983658,-0.025061139836907387,-0.01926961913704872,-0.0717281848192215,-0.05451244115829468,-0.060253169387578964,-0.07493549585342407,-0.035311225801706314,-0.05587337538599968,0.016004931181669235
0.0280006006360054,0.014747923240065575,0.0384371392428875,0.0793936476111412,0.055765554308891296,-0.04061480984091759,-0.033991679549217224,0.0739823505282402,0.024969952180981636,0.019179636612534523,0.035580310970544815,0.025252198800444603,0.011234712786972523,0.041222505271434784,0.009670690633356571,-0.014508966356515884,0.009133465588092804,0.055226296186447144,0.052688293159008026,0.04608597233891487,0.03943761810660362,0.044234294444322586,0.08198245614767075,0.012654533609747887,0.018478477373719215,0.048743199557065964,0.0574851892888546,-0.04525217041373253,-0.010129270143806934,0.0379556305706501,-0.0074930088594555855,0.08394147455692291
-0.11023581773042679,-0.02486582286655903,-0.06437687575817108,-0.031493332237005234,-0.09053567051887512,-0.06253241002559662,-0.04952129349112511,-0.11090119928121567,-0.07813353091478348,-0.08898504823446274,-0.08377143740653992,-0.07369805872440338,-0.049333829432725906,-0.06756875663995743,-0.07688401639461517,-0.06064939126372337,0.00804936233907938,-0.04504437372088432,-0.0682498961687088,-0.036300450563430786,0.007493151351809502,-0.02319391630589962,-0.03761204704642296,-0.02693208120763302,-0.006244154646992683,-0.10122174024581909,0.010705295018851757,-0.039017193019390106,-0.0708802193403244,-0.06058026850223541,-0.052172496914863586,0.021084947511553764
-0.032750003039836884,-0.0030361597891896963,-0.050152912735939026,-0.02048213593661785,-0.02791064977645874,-0.07601270079612732,-0.01378309540450573,-0.04043276235461235,-0.06805571913719177,-0.015190237201750278,-0.007265533786267042,-0.08028222620487213,-0.0704651027917862,-0.009764757938683033,-0.028072528541088104,-0.05130910128355026,0.012137307785451412,-0.04600228741765022,-0.024359017610549927,-0.023530909791588783,-0.020406976342201233,-0.05398973822593689,-0.03760228306055069,-0.02352471835911274,0.0013554347679018974,-0.07022330909967422,0.038144052028656006,-0.04942430183291435,-0.03668652102351189,-0.04989902302622795,-0.033934757113456726,-0.03506837412714958
-0.04967941343784332,-0.009789066389203072,-0.030877351760864258,-0.014284688048064709,-0.08114942908287048,-0.05236666649580002,-0.04969372600317001,-0.012650233693420887,-0.04881040379405022,-0.05463925376534462,-0.05635729432106018,-0.057754430919885635,-0.06913305819034576,-0.06982199847698212,-0.07058684527873993,-0.04703527316451073,-0.050266169011592865,-0.02610670030117035,-0.053375646471977234,-0.08244769275188446,-0.052020952105522156,-0.07242525368928909,-0.05620929226279259,-0.0421014279127121,-0.08128637820482254,-0.07011234015226364,-0.030266985297203064,-0.012600946240127087,-0.02485707402229309,-0.05538015812635422,-0.05045967921614647,-0.04041631147265434
0.0020133936777710915,0.014076754450798035,0.05427702143788338,0.029646022245287895,0.09727150201797485,-0.010521011427044868,0.0887938067317009,0.11407007277011871,0.020667901262640953,0.05615982413291931,0.11189838498830795,0.0033730941358953714,0.09547419846057892,0.05949905887246132,-0.059670981019735336,-0.0170213021337986,0.04681864753365517,0.00654180534183979,0.019109880551695824,-0.008058276027441025,-0.01632479764521122,-0.042416613548994064,0.05649903789162636,0.07141726464033127,0.026861755177378654,-0.03752570599317551,0.04429763928055763,0.04418044537305832,0.05232096090912819,0.01208506803959608,0.0309224184602499,0.06672730296850204
0.003221349325031042,-0.02089705318212509,-0.024887708947062492,-0.012284807860851288,-0.043878223747015,-0.0313151553273201,-0.08591766655445099,0.0310599934309721,-0.015767939388751984,-0.048147447407245636,-0.07785388082265854,-0.025633038952946663,-0.05910225585103035,-0.1219916045665741,-0.07259904593229294,-0.04799181595444679,-0.05857750400900841,-0.07437443733215332,-0.03724295645952225,-0.08739910274744034,-0.027519017457962036,-0.05696415901184082,-0.04543105140328407,0.03613574802875519,-0.07092803716659546,-0.07010401040315628,-0.0036110186483711004,-0.02543916180729866,0.021087486296892166,-0.08303345739841461,-0.04861290007829666,-0.02534571662545204
-0.028702696785330772,-0.039027296006679535,-0.03545168414711952,-0.044621024280786514,-0.0011305635562166572,-0.07724924385547638,-0.038384683430194855,0.0207823533564806,-0.01768181286752224,-0.0026918435469269753,0.029758010059595108,-0.03186368942260742,-0.009006086736917496,-0.03186056390404701,-0.060734521597623825,-0.04807136207818985,-0.0688948780298233,-0.06827572733163834,-0.01898944564163685,-0.0942029282450676,-0.02510254643857479,-0.03325548768043518,-0.005767601542174816,0.03294835612177849,-0.024195918813347816,-0.04712272062897682,-0.00804582703858614,-0.02209410071372986,-0.02167179249227047,-0.0791153535246849,-0.007811172865331173,-0.005442684981971979
-0.04047617316246033,-0.03681868314743042,-0.05963711813092232,-0.07090858370065689,-0.14529526233673096,-0.04693462699651718,-0.0209011472761631,-0.03050060383975506,-0.03828989341855049,-0.03161260113120079,-0.06803126633167267,-0.023436568677425385,-0.09648561477661133,-0.04851203039288521,-0.027773860841989517,-0.0528348833322525,-0.05209283158183098,-0.03538995981216431,-0.07861357927322388,-0.05667293444275856,-0.04527779296040535,-0.04762575402855873,-0.059167999774217606,-0.1137787401676178,-0.0470680333673954,-0.029621947556734085,-0.0523790642619133,-0.029926802963018417,-0.03271730616688728,-0.04287010058760643,-0.03347447142004967,-0.08998363465070724
0.052545350044965744,0.015596656128764153,-0.023749034851789474,-0.013023175299167633,-0.05790054053068161,0.08605743944644928,0.13766397535800934,0.023868611082434654,0.0495355948805809,0.010600333102047443,0.07335032522678375,0.04595217481255531,0.036395035684108734,0.059418853372335434,-0.018560364842414856,0.0023598039988428354,-0.03422634303569794,0.007260023150593042,0.0135390255600214,0.11315640062093735,-0.024167129769921303,-0.010190760716795921,-0.012219419702887535,-0.013078625313937664,0.03948506712913513,0.05237860232591629,0.021256621927022934,-0.01314819511026144,0.05032294616103172,-0.011930527165532112,0.04430430009961128,0.019174465909600258
-0.09599241614341736,-0.026900501921772957,-0.07909289002418518,-0.03612436354160309,-0.058913908898830414,-0.09103325754404068,0.025183504447340965,-0.014443675987422466,-0.005199107341468334,-0.02858053892850876,-0.005847804248332977,-0.04207359999418259,-0.10882729291915894,-0.09339316934347153,-0.06764015555381775,-0.037914857268333435,-0.05514734610915184,-0.008640430867671967,-0.036767151206731796,-0.10071270167827606,-0.04436614736914635,-0.01871790923178196,-0.018063940107822418,-0.05896149203181267,-0.03552452474832535,-0.009340743534266949,-0.05554784834384918,-0.04130026325583458,-0.02009761705994606,-0.060640692710876465,-0.08882416784763336,-0.029032982885837555
-0.0437244214117527,-0.0398421585559845,-0.03185703605413437,-0.013493474572896957,-0.054208625108003616,0.007929922081530094,-0.0006334296194836497,-0.03652898967266083,-0.01188143901526928,0.012094602920114994,0.017559614032506943,0.001775065204128623,-0.05941508710384369,0.017561286687850952,-0.05431438609957695,-0.03180446848273277,-0.04337380826473236,-0.017291128635406494,-0.06563682854175568,-0.026805546134710312,-0.011013306677341461,-0.0089441929012537,-0.02791251614689827,-0.02061505615711212,-0.01016287226229906,0.013782409951090813,-0.010505877435207367,-0.042698245495557785,0.0006010512006469071,-0.052839212119579315,-0.02843649685382843,0.023575134575366974
-0.06740010529756546,-0.04220619425177574,-0.038860853761434555,-0.021432476118206978,-0.07768355309963226,-0.0792325809597969,-0.07137119024991989,-0.03706570714712143,-0.06163426488637924,-0.04592812433838844,-0.061171215027570724,-0.00451510027050972,-0.09210249781608582,-0.03313126415014267,-0.042826876044273376,-0.011961185373365879,-0.055321019142866135,-0.03781263530254364,-0.008229255676269531,-0.020980797708034515,-0.03851088508963585,-0.019389918074011803,-0.01718328334391117,-0.06954187154769897,-0.0723038837313652,-0.07501939684152603,-0.03244580700993538,-0.03716534376144409,-0.06930089741945267,-0.0011683872435241938,-0.08586754649877548,-0.07335451990365982
0.043065395206213,0.0027361337561160326,-0.027439232915639877,1.3120472431182861e-05,-0.007696883287280798,0.03597317263484001,0.036453694105148315,0.06389772891998291,0.03666432574391365,0.06896041333675385,0.016737869009375572,0.013033452443778515,0.055392686277627945,-0.07406598329544067,0.03476222977042198,0.023293038830161095,0.029389118775725365,-0.02926701307296753,0.0863613709807396,0.02075916714966297,0.048881761729717255,0.011062674224376678,0.008562708273530006,0.01468360610306263,0.01538468711078167,0.017898060381412506,0.048616308718919754,0.016056502237915993,-0.01757032424211502,-0.015908703207969666,-0.02779729664325714,0.021951287984848022
-0.02429075352847576,-0.10407314449548721,-0.03498381748795509,-0.08239387720823288,-0.05650721490383148,-0.10772806406021118,-0.0966673195362091,-0.021665269508957863,-0.0602957122027874,-0.02902708575129509,-0.13958993554115295,-0.04661651700735092,-0.13311374187469482,-0.08790375292301178,-0.02744719572365284,-0.05185582861304283,-0.08130010217428207,-0.012936608865857124,-0.02468576282262802,-0.03969522938132286,-0.06140584498643875,-0.041840121150016785,0.012706384062767029,-0.04906842112541199,-0.05657505616545677,-0.027311936020851135,-0.052431099116802216,-0.029657194390892982,-0.056013721972703934,-0.03569658100605011,-0.02905818074941635,-0.011825020425021648
-0.014550489373505116,-0.02012008987367153,-0.06467124074697495,-0.057420141994953156,-0.06507404148578644,-0.07723122835159302,-0.043148718774318695,-0.006671675946563482,-0.05860435590147972,-0.02999003976583481,-0.06173619255423546,-0.0608908049762249,-0.05246606841683388,-0.09090226888656616,-0.00790940597653389,-0.004413364455103874,-0.06180426478385925,-0.11921194940805435,-0.037565380334854126,-0.0244467593729496,-0.04476557672023773,-0.048601534217596054,-0.03380740061402321,-0.04897713661193848,-0.017900602892041206,-0.0697372779250145,-0.027274344116449356,0.008732273243367672,-0.08650229871273041,-0.056853972375392914,-0.018013928085565567,-0.00432335352525115
-0.03951554372906685,-0.00040413805982097983,-0.02704504504799843,-0.03340213745832443,-0.06940633803606033,-0.1154189258813858,-0.05944419279694557,-0.060826029628515244,-0.06285311281681061,-0.0166570283472538,-0.06882050633430481,-0.028443004935979843,-0.08134729415178299,-0.061333123594522476,-0.03042505495250225,-0.00463391887024045,-0.051989320665597916,-0.06216135993599892,-0.027705302461981773,-0.03716900944709778,-0.04154770448803902,-0.02864428609609604,-0.038237933069467545,-0.02993668057024479,-0.06692618131637573,-0.06499024480581284,-0.054006513208150864,-0.05207182094454765,-0.09078722447156906,-0.04103325679898262,-0.02664816752076149,-0.032976265996694565
0.034261468797922134,0.053472552448511124,0.0914657935500145,0.03742854297161102,-0.02677459642291069,-0.027182405814528465,0.07819098979234695,0.013396878726780415,-0.003166294191032648,0.021184751763939857,-0.003153416095301509,-0.029902763664722443,0.005162127315998077,-0.006729656830430031,0.03963323310017586,0.06543784588575363,0.006946046836674213,-0.020007027313113213,-0.020003922283649445,0.019322462379932404,-0.01069058757275343,0.04751201346516609,0.05432230234146118,0.01929228939116001,-0.021577544510364532,0.004447979852557182,0.04902220144867897,0.06437034159898758,-0.058381058275699615,0.003869378473609686,0.03332669660449028,0.021496588364243507
-0.03489911928772926,-0.012131226249039173,-0.03842807188630104,-0.054931774735450745,-0.025135144591331482,-0.10268638283014297,-0.05272570252418518,-0.03974493592977524,-0.016550160944461823,-0.05050193518400192,-0.07851677387952805,-0.04779093712568283,-0.04838871583342552,-0.04789676144719124,-0.023768199607729912,-0.011922703124582767,-0.04545118287205696,-0.06982535123825073,-0.09155876189470291,-0.058697398751974106,-0.013251274824142456,-0.01641015335917473,-0.0613371916115284,0.007895706221461296,-0.052144311368465424,-0.12061898410320282,-0.022559821605682373,-0.028562918305397034,-0.08744128793478012,-0.007016196381300688,-0.031777285039424896,-0.028614124283194542
0.008262095041573048,-0.05408855155110359,0.0005342158256098628,-0.04264003783464432,-0.037420354783535004,-0.0400085411965847,-0.028016740456223488,-0.048710376024246216,-0.057707272469997406,-0.05516161397099495,-0.016254620626568794,-0.05935908481478691,-0.020237382501363754,0.0035863809753209352,0.06162436306476593,-0.008156939409673214,-0.026173634454607964,-0.03227246552705765,-0.03921714425086975,-0.029127726331353188,-0.021439997479319572,-0.0372556708753109,-0.027755720540881157,0.018067775294184685,-0.02673421986401081,-0.035733912140131,0.0014102521818131208,0.03464078530669212,-0.06694808602333069,-0.02040976472198963,-0.0351257249712944,-0.015408688224852085
-0.07830440998077393,-0.052975188940763474,-0.07112447917461395,0.008402272127568722,-0.05055687204003334,-0.05047377943992615,-0.060344479978084564,-0.021998567506670952,-0.06164608523249626,-0.030054766684770584,-0.00440859142690897,-0.014581290073692799,-0.0879489928483963,-0.03902645781636238,-0.03310209512710571,-0.04647186025977135,-0.05794675648212433,-0.05066533386707306,-0.043939679861068726,-0.04649258404970169,-0.03347846865653992,-0.04282718896865845,-0.05216391757130623,-0.0723138079047203,-0.01590624451637268,-0.06370238959789276,-0.04636585712432861,-0.10401389747858047,-0.03846846893429756,-0.08648568391799927,-0.04123516380786896,-0.03322472795844078
0.03385979309678078,0.015237174928188324,0.05845453962683678,0.019723819568753242,0.0188069399446249,0.04467640444636345,0.032666612416505814,0.0185911413282156,-0.05394985154271126,-0.013265104964375496,0.09244762361049652,0.012174594216048717,-0.025594472885131836,0.051129307597875595,0.04080864042043686,0.013690019026398659,0.02948499470949173,0.04695704206824303,0.03367568179965019,0.04001914709806442,-0.014608694240450859,-0.04190381243824959,-0.009541647508740425,0.04719614237546921,0.02381795272231102,0.003522500628605485,0.02820679545402527,0.022084226831793785,0.008959738537669182,0.041208282113075256,0.08163324743509293,0.05285237357020378
-0.005713398568332195,-0.011934402398765087,-0.004707535728812218,-0.022724632173776627,0.0046519069001078606,-0.028577059507369995,-0.0464218370616436,-0.03280715271830559,-0.06799368560314178,-0.07641320675611496,-0.04864548146724701,-0.039441775530576706,-0.011685237288475037,-0.06785465776920319,-0.10898467898368835,-0.05643999204039574,-0.04574054852128029,-0.022656558081507683,-0.05240647867321968,-0.06169453263282776,-0.0442127026617527,-0.011100466363132,-0.008122492581605911,-0.03008337691426277,-0.020829247310757637,-0.041372884064912796,-0.05460040643811226,-0.05143464729189873,-0.06969684362411499,-0.0896671861410141,-0.028850778937339783,-0.039971381425857544
-0.020994234830141068,-0.043496668338775635,-0.029400328174233437,-0.04949602857232094,-0.002793995663523674,0.013280857354402542,-0.015437344089150429,-0.02095477655529976,-0.06970485299825668,-0.043005842715501785,0.03570925444364548,-0.04732832685112953,-0.06077400594949722,-0.033227331936359406,-0.06995889544487,-0.01347269769757986,-0.04611070081591606,0.009694994427263737,-0.07564208656549454,-0.07048744708299637,-0.017437975853681564,-0.013723933137953281,-0.034997474402189255,0.016138609498739243,-0.022297196090221405,-0.024714697152376175,-0.040151871740818024,-0.03305292874574661,-0.04244934394955635,-0.004674619995057583,0.0022331252694129944,-0.011459295637905598
-0.06016603857278824,-0.08212496340274811,-0.07242205739021301,-0.03592725098133087,-0.068495012819767,-0.054567817598581314,-0.006489763036370277,-0.0550290048122406,-0.0398595817387104,-0.06781098991632462,-0.11187733709812164,-0.05057081580162048,-0.04887067899107933,-0.08588914573192596,-0.07344555109739304,0.02561415545642376,-0.0309720728546381,-0.0371537022292614,-0.07344523072242737,-0.06035374477505684,-0.022503769025206566,-0.003350728889927268,-0.04628143832087517,-0.0104574766010046,-0.05336187407374382,-0.044681500643491745,-0.08097469806671143,-0.06586671620607376,-0.05276598781347275,-0.05372980609536171,-0.09125439822673798,-0.12522576749324799
0.04814983531832695,0.0549483560025692,-0.024600451812148094,0.03833657503128052,0.01779092289507389,0.030049284920096397,0.057737842202186584,0.030959120020270348,0.021258806809782982,-0.01822597160935402,0.04584754258394241,-0.000174669548869133,0.05491890758275986,0.036556463688611984,0.07145942747592926,0.030276227742433548,-0.014203731901943684,0.02094353549182415,-0.027872834354639053,0.02860904671251774,0.03782910108566284,-0.02152119390666485,-0.016430407762527466,0.027062784880399704,0.07565214484930038,-0.033214595168828964,0.024790262803435326,0.038963012397289276,0.030661465600132942,0.14588584005832672,0.03777575120329857,0.05346570909023285
-0.08886831253767014,-0.114387646317482,-0.03840086609125137,-0.009318903088569641,-0.06565755605697632,-0.039139170199632645,-0.02320895716547966,-0.025720106437802315,-0.035738471895456314,-0.041124291718006134,-0.0819331631064415,-0.03970591723918915,-0.05744191259145737,-0.04674515128135681,-0.08839894086122513,0.011880211532115936,-0.06903406232595444,-0.056249141693115234,-0.059813741594552994,-0.11373895406723022,-0.04569157958030701,-0.03658531978726387,-0.01754382997751236,-0.07109523564577103,0.01685531623661518,-0.03703916072845459,-0.0617278628051281,-0.11674799025058746,-0.05053304508328438,-0.038300588726997375,-0.06090742349624634,-0.0025443618651479483
-0.10372456163167953,-0.01836317963898182,-0.050313036888837814,0.022028721868991852,-0.018035223707556725,-0.11047617346048355,-0.06464718282222748,-0.0639864131808281,-0.04785570129752159,-0.07154430449008942,-0.047879163175821304,-0.02456996776163578,-0.0039012173656374216,0.009996788576245308,-0.03812374547123909,-0.014529665932059288,-0.04683323949575424,-0.04897819831967354,-0.02533986233174801,-0.0742875263094902,0.0068527646362781525,-0.035140279680490494,-0.04068407788872719,-0.04585741460323334,0.010222792625427246,-0.02064468152821064,-0.015942322090268135,-0.06764718890190125,-0.01575692556798458,0.016901077702641487,0.00556059880182147,-0.018942149356007576
-0.08906138688325882,-0.05299663916230202,-0.048978984355926514,-0.020280731841921806,-0.039173126220703125,-0.05169880390167236,-0.02096359059214592,-0.09756254404783249,-0.04440491273999214,-0.04824464023113251,-0.07092386484146118,-0.05717189610004425,-0.09575141966342926,-0.04851461946964264,-0.013985350728034973,-0.06347769498825073,-0.06402039527893066,0.010277409106492996,-0.03632211685180664,-0.0652175024151802,-0.015421888791024685,-0.0597560815513134,-0.03428876772522926,-0.09801789373159409,-0.039332374930381775,-0.03537866845726967,-0.07744278013706207,-0.029487259685993195,-0.06915751844644547,-0.0772300735116005,-0.07779644429683685,-0.04360416904091835
0.011468536220490932,0.0374346598982811,-0.02421940676867962,0.0009940150193870068,0.008289962075650692,-0.01371732633560896,0.023718703538179398,-0.027150046080350876,0.03338008001446724,0.014308590441942215,0.003391522914171219,-0.010669329203665257,0.0072712888941168785,-0.03204416111111641,0.10844334214925766,0.01980002410709858,0.06421786546707153,0.02239074744284153,0.020135745406150818,-0.022110681980848312,-0.0028743271250277758,-0.01882609911262989,-0.02518409676849842,0.019246593117713928,-0.032097820192575455,-0.031868480145931244,0.02549368143081665,0.0602412149310112,0.010266939178109169,0.051730308681726456,0.00913130585104227,0.04338982701301575
-0.025585446506738663,-0.016926342621445656,-0.022047163918614388,-0.02455921843647957,-0.04472971335053444,-0.10444482415914536,-0.11167733371257782,-0.041665300726890564,-0.03761929273605347,-0.002620646031573415,-0.07640815526247025,-0.08641424030065536,-0.1459987312555313,-0.05214204639196396,0.04293385148048401,-0.03485390916466713,-0.03278644010424614,-0.1127590537071228,-0.05537629500031471,-0.07416566461324692,-0.0011178714921697974,-0.04642567038536072,-0.07679103314876556,-0.13965660333633423,-0.09313733875751495,-0.06394340097904205,-0.0187239833176136,-0.01311095803976059,-0.08112622052431107,-0.10944046080112457,-0.09851551800966263,-0.10811276733875275
-0.06613937765359879,-0.0030834723729640245,-0.0303264781832695,-0.053500156849622726,0.001000251155346632,-0.05632596090435982,-0.06153560057282448,-0.08757870644330978,-0.007632434368133545,-0.0402655154466629,-0.06522802263498306,-0.08436941355466843,-0.06681717187166214,-0.040927112102508545,-0.018579287454485893,-0.018367614597082138,-0.013868884183466434,-0.0838826447725296,-0.003289136104285717,-0.06731835007667542,-0.06024312973022461,-0.046831823885440826,-0.07640878111124039,-0.07076635211706161,-0.029669415205717087,-0.08057694882154465,-0.01706582121551037,0.02989242784678936,-0.08798084408044815,-0.05755893513560295,-0.055004511028528214,-0.07127681374549866
-0.036025162786245346,-0.016019487753510475,-0.04210938140749931,0.026884406805038452,-0.06711088120937347,-0.05243581905961037,-0.03507167473435402,-0.08088897168636322,-0.028771307319402695,-0.09853904694318771,-0.029003137722611427,-0.018318811431527138,-0.02886055037379265,-0.01654839515686035,-0.03877628594636917,-0.06736574321985245,-0.06869236379861832,-0.020896464586257935,-0.08699750155210495,-0.035669293254613876,0.0123315853998065,-0.03337165340781212,-0.043804898858070374,-0.013137204572558403,-0.040914781391620636,-0.057541292160749435,-0.030668988823890686,-0.05308641865849495,-0.03272062540054321,-0.04657359421253204,-0.034928034991025925,-0.06560792773962021
0.050392452627420425,0.10441393405199051,0.025895586237311363,0.09634653478860855,-0.007396400906145573,0.03208412602543831,0.0556037500500679,0.031440626829862595,0.014693188481032848,0.03958394378423691,-0.037547096610069275,-0.056521106511354446,0.03967006877064705,0.03216802328824997,0.03352116793394089,0.012775298207998276,-0.009351546876132488,0.07047171890735626,0.038894783705472946,0.0059870462864637375,0.04199419170618057,0.0171977486461401,0.030138179659843445,0.056222181767225266,0.002536255866289139,-0.04027587175369263,-0.011314453557133675,0.0887078046798706,-0.007794647011905909,0.04142894595861435,0.014931319281458855,0.04926661029458046
0.0069161453284323215,-0.038260702043771744,-0.11988740414381027,0.07326343655586243,-0.07350388914346695,-0.04786280170083046,-0.060235604643821716,-0.04229102283716202,-0.07040520012378693,-0.017197925597429276,-0.10330985486507416,-0.027392635121941566,-0.039704982191324234,-0.03874801844358444,-0.040095288306474686,-0.04009642452001572,-0.08550888299942017,-0.04380723088979721,-0.025021515786647797,-0.06784619390964508,0.040093280375003815,-0.05120835453271866,-0.07222256809473038,-0.12259030342102051,-0.06596647948026657,-0.038658786565065384,-0.13684839010238647,-0.09324275702238083,0.0022228953894227743,-0.08490556478500366,-0.023398231714963913,-0.04291202872991562
-0.021879464387893677,-0.02360760234296322,-0.07384592294692993,0.0040315017104148865,-0.03897232189774513,-0.0019105741521343589,0.013975515961647034,0.011444900184869766,-0.034479305148124695,0.0007252355571836233,-0.05484984442591667,-0.07675830274820328,-0.11447528749704361,-0.05164219066500664,-0.007207195274531841,-0.01865497976541519,-0.08534246683120728,-0.016747556626796722,-0.047345999628305435,-0.020364342257380486,0.02810242772102356,-0.03536410257220268,-0.03300032392144203,-0.09581343084573746,-0.1188933327794075,-0.048751916736364365,-0.05253707617521286,-0.026369191706180573,-0.04351888597011566,-0.043138548731803894,-0.008284353651106358,-0.0006976145086809993
-0.10206518322229385,-0.05942050740122795,-0.06366836279630661,-0.02540690451860428,-0.009558115154504776,-0.07039151340723038,-0.012502300553023815,-0.031477656215429306,-0.08380167931318283,-0.0881710797548294,-0.022596269845962524,-0.06854531168937683,-0.0498417392373085,-0.05255180224776268,-0.004574441816657782,-0.05018514022231102,-0.053351908922195435,-0.08480557054281235,-0.05658974498510361,-0.018932931125164032,0.0044278898276388645,-0.04829797521233559,-0.016372352838516235,-0.03756863251328468,-0.0643853098154068,-0.04673413559794426,-0.03461535647511482,-0.09097380191087723,-0.048860661685466766,0.001246773754246533,-0.046359091997146606,-0.052663762122392654
-0.041194163262844086,-0.0030579615850001574,0.012632441706955433,0.014744644053280354,-0.0012014631647616625,0.01935267634689808,0.08182938396930695,0.019038449972867966,0.09252044558525085,0.0561332143843174,0.1270136833190918,0.016354922205209732,0.017883051186800003,0.05618840828537941,0.07606331259012222,0.0018601049669086933,0.020028844475746155,-0.03575203940272331,0.06115860119462013,0.01698082871735096,0.0781598836183548,0.0010229717008769512,0.030052660033106804,0.0019397803116589785,-0.0599050335586071,0.023532386869192123,0.08763401210308075,0.013172140344977379,0.03118293359875679,0.05743005499243736,0.012474109418690205,0.1067032665014267
-0.07148949801921844,-0.12387842684984207,-0.05321715399622917,-0.060503359884023666,-0.009630911983549595,-0.09836012870073318,-0.051629915833473206,-0.05656508728861809,-0.009433973580598831,-0.05047503486275673,-0.020120913162827492,-0.06664569675922394,-0.011204223148524761,-0.0751044750213623,-0.053718820214271545,-0.05018136650323868,-0.03361408784985542,-0.06927376240491867,0.0026067972648888826,-0.03048979863524437,-0.05123434588313103,-0.035030435770750046,-0.02979808673262596,-0.034078530967235565,-0.09136910736560822,-0.07156172394752502,-0.005357213784009218,-0.11886954307556152,-0.0023187038023024797,0.021381082013249397,-0.0113313477486372,-0.051323626190423965
-0.04914809763431549,-0.05820808932185173,-0.02635565958917141,-0.07433047145605087,-0.04896612837910652,-0.03879318758845329,-0.023769663646817207,-0.024167397990822792,-0.009399978443980217,-0.02263147383928299,0.028133101761341095,-0.015401413664221764,-0.06295643001794815,-0.035557106137275696,-0.031146148219704628,-0.033512238413095474,-0.01888972334563732,-0.032040487974882126,0.0002424437552690506,-0.003044172888621688,-0.018520575016736984,-0.05729728192090988,-0.044107500463724136,-0.049096595495939255,-0.0734933540225029,-0.04775683581829071,-0.0033474236261099577,-0.04142039269208908,-0.0005270623369142413,-0.039898984134197235,-0.016166510060429573,-0.026353228837251663
-0.07837820053100586,-0.048081159591674805,0.0030810434836894274,-0.0305342935025692,-0.03491514176130295,-0.0629315972328186,0.013719490729272366,-0.013432036153972149,-0.04221786558628082,-0.046614207327365875,-0.09544303268194199,-0.03324893116950989,-0.04236781224608421,-0.03777139261364937,-0.017522508278489113,-0.04840043932199478,-0.047333065420389175,-0.002484370954334736,-0.0635029599070549,-0.022879403084516525,-0.05391065031290054,-0.027755266055464745,-0.04689038544893265,-0.016561195254325867,-0.02648369036614895,-0.050773970782756805,-0.05737520754337311,-0.06551014631986618,-0.0342373289167881,-0.0403720885515213,-0.04086703807115555,-0.07294172793626785
0.061657823622226715,0.05375349894165993,0.0460723415017128,0.04234713688492775,-0.05100656673312187,-0.028762463480234146,-0.026050785556435585,0.005245795473456383,-0.048394374549388885,-0.054181963205337524,0.04992063716053963,-0.0159381665289402,0.031724948436021805,-0.012608877383172512,0.05476360395550728,0.05203910917043686,0.08036170154809952,0.00182080059312284,0.05695625767111778,0.06964287161827087,4.402175545692444e-05,0.014184828847646713,0.02774033322930336,0.05542514845728874,0.02110900916159153,-0.0047718011774122715,0.015843354165554047,-0.010907015763223171,0.07552646100521088,-0.026651322841644287,0.06181126832962036,0.03208308666944504
-0.015742601826786995,-0.09424585103988647,-0.06546811014413834,-0.05472113937139511,-0.07337218523025513,-0.11377052962779999,0.0023062110412865877,-0.019788842648267746,-0.05742751434445381,-0.03640570864081383,-0.1587899625301361,-0.057399019598960876,-0.11820539087057114,-0.10431119054555893,0.007266668602824211,-0.01605895534157753,-0.0768340602517128,-0.019586695358157158,-0.0796642079949379,-0.044523537158966064,-0.023620005697011948,-0.04176562279462814,-0.032405223697423935,-0.05617109686136246,-0.06512856483459473,-0.07534050941467285,-0.10170675814151764,-0.05279114097356796,-0.03067421168088913,-0.08767130225896835,-0.057730283588171005,-0.10931237787008286
0.0061937482096254826,-0.07851117849349976,-0.061699699610471725,-0.08698911219835281,-0.06993869692087173,-0.06469790637493134,-0.0331924743950367,-0.06902522593736649,-0.040492795407772064,-0.02732212468981743,-0.08265219628810883,-0.0750303715467453,-0.06906183063983917,-0.02578251250088215,-0.019998908042907715,0.019260123372077942,-0.030762383714318275,-0.0270630344748497,-0.018167298287153244,-0.06640550494194031,-0.03741107136011124,0.0250063668936491,-0.052262384444475174,-0.042679864913225174,-0.03319936618208885,-0.07537628710269928,-0.1252099871635437,-0.057950735092163086,-0.012480263598263264,-0.04334712401032448,-0.051935236901044846,-0.038057394325733185
-0.07829156517982483,-0.017743246629834175,-0.013249109499156475,-0.009669315069913864,0.005418775137513876,-0.03660307452082634,-0.04603985697031021,-0.043128978461027145,-0.0515919104218483,-0.014931809157133102,-0.06379023939371109,-0.0353936031460762,-0.003509339177981019,-0.01962633989751339,-0.048971615731716156,-0.07059600949287415,-0.05558573454618454,-0.05290854722261429,-0.12602220475673676,-0.0043502249754965305,-0.03595390170812607,-0.04060487821698189,-0.06432179361581802,-0.0038683179300278425,-0.04756535589694977,-0.013528267852962017,-0.08894594758749008,-0.0035626397002488375,-0.06250845640897751,-0.028020620346069336,-0.07184916734695435,-0.020913414657115936
0.08535368740558624,0.06895586103200912,0.03085816651582718,0.036100320518016815,0.008678019978106022,0.04625779017806053,-0.007662042509764433,0.016184702515602112,0.0373285673558712,0.02142959088087082,-0.09513311833143234,0.01881541684269905,0.03136526048183441,0.015471968799829483,0.03526464104652405,0.07866061478853226,-0.07158354669809341,0.023877067491412163,-0.046271391212940216,0.04043925181031227,0.03683844581246376,0.057297322899103165,0.06881831586360931,-0.01806253008544445,0.01624356582760811,0.033538028597831726,-0.03728264570236206,0.09136145561933517,0.011315308511257172,0.01234974805265665,0.09517928957939148,0.03557055443525314
-0.06549154222011566,0.003008483909070492,0.03825851157307625,-0.0015546124195680022,0.03443307429552078,-0.09845870733261108,-0.07870817184448242,-0.023755555972456932,-0.10098551958799362,-0.031668853014707565,-0.07074649631977081,-0.06151055544614792,-0.011972405947744846,0.026527922600507736,-0.075274758040905,-0.005385123193264008,-0.10580656677484512,-0.04109933599829674,-0.10358753800392151,-0.10224886238574982,-0.048033706843853,-0.04476680979132652,-0.04775277525186539,-0.07488208264112473,-0.027557365596294403,-0.036254819482564926,-0.11194483935832977,0.02071600966155529,0.009790441952645779,-0.04960773140192032,-0.11208856105804443,-0.09626738727092743
-0.04468053951859474,-0.027556046843528748,-0.014467052184045315,-0.030587203800678253,-0.0088119525462389,-0.02029719017446041,-0.040359873324632645,-0.059214524924755096,-0.03388645127415657,-0.02784086763858795,-0.05762295797467232,-0.03397483751177788,-0.11261153221130371,-0.009588010609149933,-0.06750074774026871,-0.005536292679607868,-0.04624168947339058,-0.018018703907728195,-0.0884777382016182,-0.03142337128520012,-0.02764606662094593,-0.0841623842716217,0.04530530050396919,-0.06384997814893723,-0.06545823812484741,-0.04400248825550079,-0.032641615718603134,0.02017873153090477,-0.03969654440879822,-0.08444090932607651,-0.023165090009570122,-0.04856564849615097
-0.06776336580514908,-0.032512396574020386,-0.05281751975417137,-0.05104927346110344,-0.0671704038977623,-0.012953863479197025,-0.03452364727854729,-0.04163721576333046,-0.020926300436258316,-0.08835311979055405,-0.023362208157777786,-0.03122561238706112,-0.045642029494047165,-0.03249534219503403,0.00048435470671392977,-0.016457848250865936,-0.03147883340716362,-0.04951362684369087,-0.060744758695364,-0.06110356003046036,-0.051618319004774094,-0.06336578726768494,-0.06365153193473816,-0.045790527015924454,-0.05083511024713516,-0.09608061611652374,-0.054182544350624084,-0.1027551218867302,-0.059182602912187576,-0.08074786514043808,-0.0375993512570858,-0.05577172711491585
0.06503926217556,0.021421058103442192,0.02670653723180294,-0.0138287004083395,0.00012281723320484161,0.10140494257211685,-0.012407256290316582,-0.023784026503562927,0.07009591907262802,0.05722086876630783,0.004485722165554762,0.016954977065324783,0.04901307076215744,0.0473109632730484,0.01603229157626629,0.06340261548757553,0.008580598048865795,0.0010226084850728512,0.053028032183647156,0.003783093998208642,0.01503746397793293,0.011217284016311169,0.10684861242771149,0.01033065840601921,-0.0023069914896041155,0.06075014919042587,0.036768797785043716,0.02233121544122696,-0.008772674016654491,0.008869616314768791,0.04850541427731514,0.02149180695414543
-0.02433953993022442,-0.05303550139069557,-0.016039859503507614,-0.060547251254320145,-0.021778494119644165,-0.0413089357316494,-0.044251617044210434,-0.022621607407927513,-0.11532636731863022,-0.05214681848883629,-0.00607644859701395,-0.010231240652501583,-0.05473595857620239,-0.036445293575525284,-0.05936068668961525,-0.04936502128839493,-0.03827102482318878,-0.10061352699995041,-0.04141642153263092,-0.04865219071507454,-0.0036731227301061153,-0.11563404649496078,-0.18426012992858887,-0.05864870920777321,-0.06636960804462433,-0.0662115067243576,-0.016923075541853905,-0.08926916122436523,-0.023176932707428932,-0.053867630660533905,-0.07070264965295792,-0.11928217113018036
-0.009494557976722717,-0.05566546320915222,0.0038859383203089237,-0.06698914617300034,-0.019771648570895195,-0.030424300581216812,-0.02592499926686287,-0.057202745229005814,-0.06753675639629364,0.04432504624128342,-0.0032966705039143562,-0.03769597411155701,-0.013798699714243412,-0.002575160702690482,-0.04405830800533295,-0.07083426415920258,-0.04933074489235878,-0.043616123497486115,-0.010171863250434399,-0.013200917281210423,-0.02751564420759678,-0.03256090730428696,-0.030067356303334236,-0.03449948504567146,-0.029623843729496002,-0.009791682474315166,-0.015430974774062634,-0.049360595643520355,-0.04503970965743065,0.0009582327329553664,-0.019769050180912018,-0.029549727216362953
-0.062099944800138474,-0.02513222210109234,-0.014505862258374691,-0.038345661014318466,-0.03534693643450737,-0.03414662182331085,-0.025460651144385338,-0.03909313306212425,-0.04498588293790817,-0.0676908940076828,-0.08466742932796478,-0.03506818786263466,-0.07241833209991455,-0.015322405844926834,-0.0509539395570755,-0.051530539989471436,-0.05933021008968353,0.017541121691465378,-0.07181645929813385,-0.07557384669780731,-0.025851769372820854,-0.05106169730424881,-0.03814614564180374,-0.06628470867872238,-0.0028451024554669857,-0.0478610061109066,-0.06503787636756897,0.0313718281686306,-0.0667034238576889,-0.024646447971463203,-0.04764871299266815,-0.055266123265028
-0.02705974690616131,-0.027988599613308907,0.04095832630991936,0.024049291387200356,-0.008198507130146027,-0.0336226224899292,0.04629060998558998,0.00865096040070057,0.08026745170354843,0.061149511486291885,0.06590622663497925,-0.018000513315200806,0.07593314349651337,0.08649241924285889,0.011814320459961891,0.014221337623894215,0.007837141864001751,0.04653826355934143,0.043144967406988144,0.06420421600341797,-0.006060560699552298,0.0460018552839756,0.07721450179815292,-0.01213566493242979,0.011875594966113567,0.04851425066590309,0.01129822339862585,0.04330678656697273,0.00048177025746554136,0.041585773229599,-0.003581392113119364,0.11276262253522873
-0.15754133462905884,-0.050167739391326904,-0.0814625695347786,-0.05491313710808754,0.0035146884620189667,-0.07998927682638168,-0.03639192879199982,-0.05525072664022446,-0.09928585588932037,-0.029963074252009392,0.002605897607281804,-0.08419909328222275,-0.05623311176896095,-0.05363067239522934,-0.04972227290272713,-0.04708852618932724,-0.05698907747864723,0.010696491226553917,-0.03737320378422737,-0.056367505341768265,-0.00619320385158062,-0.057284433394670486,-0.11059951782226562,-0.09680640697479248,-0.008527113124728203,-0.06411869823932648,-0.08796652406454086,-0.017250146716833115,-0.05163099989295006,-0.030132248997688293,-0.00804180558770895,-0.05458051338791847
-0.06340576708316803,-0.05688247084617615,-0.04119123890995979,-0.06036880239844322,-0.021244371309876442,-0.07675167918205261,-0.034870125353336334,-0.015069892629981041,-0.030466200783848763,-0.015639085322618484,-0.02763349935412407,-0.06138457730412483,-0.046771805733442307,-0.036441124975681305,-0.05908164009451866,-0.03739189729094505,-0.050420839339494705,-0.06101812422275543,-0.00696066627278924,0.0014963267603889108,-0.016482966020703316,-0.06589767336845398,-0.045614637434482574,-0.05577077344059944,-0.04980963096022606,-0.019390104338526726,0.0011576743563637137,-0.08242358267307281,-0.03248327970504761,-0.0240081325173378,-0.023357126861810684,-0.032019272446632385
-0.006400959100574255,-0.061464931815862656,-0.033420246094465256,-0.028832953423261642,-0.03263252228498459,-0.029313452541828156,-0.09406223148107529,-0.03175701946020126,-0.04464947432279587,-0.020416632294654846,-0.05833219364285469,-0.02751355804502964,-0.06139576807618141,-0.0632500872015953,-0.006813750136643648,-0.060638394206762314,-0.05257338657975197,-0.033977556973695755,-0.010173270478844643,-0.051736507564783096,-0.017327485606074333,-0.05044262856245041,-0.034530553966760635,-0.07127055525779724,-0.019183024764060974,-0.05269455164670944,-0.03506820276379585,-0.0370585136115551,-0.03659822791814804,0.047391969710588455,0.0024472461082041264,0.020220359787344933
0.10743819922208786,0.03404262289404869,0.04421747103333473,0.033406343311071396,-0.006652516778558493,0.031085526570677757,-0.032212622463703156,0.02873951569199562,0.0023532547056674957,0.025806842371821404,-0.012461492791771889,-0.0036675608716905117,-0.07834318280220032,-0.014733181335031986,0.0062814680859446526,0.08623869717121124,0.011149803176522255,-0.0320381335914135,0.06347343325614929,0.15228912234306335,-0.02750582806766033,-0.04686105623841286,0.018399924039840698,0.010191390290856361,0.002306348877027631,0.01934196799993515,0.027659201994538307,-0.016679853200912476,-0.011329340748488903,0.005828204099088907,0.05168217793107033,0.029647840186953545
0.04573279246687889,-0.040653474628925323,-0.07349789142608643,-0.06654944270849228,-0.0644405409693718,-0.0028861842583864927,-0.10108579695224762,-0.08143677562475204,-0.08558624237775803,-0.06666361540555954,-0.09655243158340454,-0.010313613340258598,-0.06999214738607407,-0.05118883401155472,-0.07573165744543076,-0.06730607897043228,-0.06684999912977219,0.011939899995923042,-0.10781337320804596,0.01702745445072651,-0.1166369691491127,-0.07385405898094177,-0.09397591650485992,-0.056780021637678146,-0.07123830914497375,-0.08209162205457687,-0.1091214120388031,-0.06179339438676834,-0.047739140689373016,-0.023723693564534187,-0.07833052426576614,-0.10165590047836304
0.004031043499708176,-0.007521715946495533,-0.026399511843919754,-0.028620542958378792,-0.0344463549554348,-0.032534822821617126,-0.04602406173944473,-0.08038922399282455,-0.05644387751817703,-0.0699445903301239,-0.047685667872428894,-0.08251278847455978,-0.09471451491117477,-0.023800412192940712,-0.035029880702495575,-0.00888758059591055,-0.02241177298128605,5.464628338813782e-05,-0.03616037219762802,0.01716574653983116,-0.030356794595718384,-0.03990228846669197,-0.05148524418473244,-0.05217563733458519,-0.034602198749780655,-0.03426269814372063,-0.03498281165957451,-0.01828843355178833,-0.026449114084243774,-0.05042137950658798,-0.03692597150802612,-0.00994112715125084
-0.024210365489125252,-0.06970786303281784,-0.08521751314401627,-0.05821866914629936,-0.03805362805724144,-0.03724610432982445,-0.07192030549049377,-0.06279458105564117,-0.051150716841220856,-0.05469360202550888,0.009369485080242157,-0.06306142359972,0.011730645783245564,-0.07235202938318253,-0.031165501102805138,-0.0241253599524498,-0.050527025014162064,-0.006690641865134239,-0.04385973885655403,-0.09360790997743607,-0.02765614539384842,-0.02870958112180233,-0.0832073763012886,-0.019798455759882927,-0.022518960759043694,-0.010923414491117,-0.029935456812381744,-0.007700050249695778,-0.12060187011957169,-0.013810611329972744,-0.05663401633501053,-0.05781102925539017
0.05892693251371384,-0.008894465863704681,-0.02623147889971733,0.001156564219854772,0.049955498427152634,-0.005430925637483597,-0.0020938445813953876,-0.007183776702731848,0.0009741628891788423,0.038987983018159866,0.07736334204673767,0.014224765822291374,0.032327696681022644,0.010724400170147419,0.056392498314380646,0.01993645913898945,-0.03428247198462486,0.009981713257730007,0.048353035002946854,0.07165643572807312,0.056885749101638794,0.0070845517329871655,0.07530630379915237,0.034432440996170044,0.036797069013118744,0.046699464321136475,0.04433408007025719,-0.028061259537935257,-0.04004376381635666,0.049372076988220215,0.05171474441885948,0.0425676666200161
-0.1034381240606308,-0.027513055130839348,-0.0626717060804367,-0.03227381035685539,-0.06612278521060944,-0.11867023259401321,-0.06376349180936813,-0.06511785089969635,-0.0511951744556427,-0.07269329577684402,-0.043524716049432755,-0.04805687442421913,0.020284757018089294,-0.07160527259111404,-0.03743455186486244,-0.049372680485248566,-0.021702030673623085,-0.026451732963323593,-0.04091861471533775,-0.08586306869983673,-0.07054074853658676,-0.016740070655941963,-0.05988781154155731,-0.02750849910080433,-0.059555742889642715,-0.011124705895781517,-0.014686178416013718,-0.06514529883861542,-0.05376625433564186,-0.01545537356287241,-0.09956569224596024,-0.02248230017721653
-0.03145008161664009,-0.04551665857434273,-0.044662922620773315,-0.02830701880156994,-0.009016577154397964,-0.032387375831604004,-0.03538038954138756,-0.04059038683772087,-0.03775805979967117,-0.033444181084632874,-0.03223074972629547,-0.044140055775642395,-0.013681089505553246,-0.014815215021371841,-0.003888594452291727,0.0017016977071762085,-0.02256462164223194,-0.04232214018702507,-0.01830228790640831,-0.05621486157178879,-0.036137279123067856,-0.04358506202697754,-0.009483903646469116,0.004773295018821955,-0.07955145835876465,0.02500837668776512,-0.006836059503257275,-0.06463535130023956,-0.06148070842027664,-0.02119654417037964,-0.012212637811899185,-0.014481324702501297
-0.09331846237182617,-0.026414692401885986,-0.023135878145694733,-0.016183022409677505,-0.05459063500165939,-0.024194205179810524,-0.023304764181375504,-0.018795812502503395,-0.011978202499449253,-0.02160310558974743,-0.013860512524843216,-0.07199539989233017,-0.1076628714799881,-0.06174520030617714,-0.0473017655313015,-0.00034705549478530884,-0.03182065859436989,0.009480198845267296,-0.03985346853733063,0.011723090894520283,-0.012574451975524426,-0.07267384976148605,-0.050841618329286575,-0.09244559705257416,-0.035223498940467834,-0.04275854304432869,-0.0007349250372499228,-0.054757993668317795,-0.02231489308178425,-0.05663233995437622,-0.0633828416466713,-0.03748534619808197
-0.01589088886976242,-0.005997149273753166,0.07084570825099945,0.06224624067544937,0.013691839762032032,0.036527782678604126,0.052685219794511795,0.016095450147986412,0.013919961638748646,0.005451961886137724,0.04551160708069801,-0.025346999987959862,0.07562533020973206,0.05176844447851181,0.030469689518213272,0.041068606078624725,0.016307633370161057,0.010418901219964027,0.04369395971298218,0.024788876995444298,0.06537733227014542,-0.005021697375923395,-0.016927478834986687,0.031912483274936676,-0.0500798299908638,0.09863022714853287,0.07236560434103012,-0.029602060094475746,0.008645902387797832,0.04742157831788063,0.10855178534984589,0.048043180257081985
-0.04567864537239075,0.0006578973261639476,0.04120592772960663,-0.012332080863416195,-0.084079310297966,-0.021335000172257423,-0.035729531198740005,-0.03265324980020523,-0.04784765467047691,-0.023260127753019333,-0.01112991850823164,-0.021324701607227325,-0.059349969029426575,-0.05839495360851288,-0.04710148274898529,0.016435222700238228,-0.01104555744677782,-0.04696398600935936,-0.05540435016155243,-0.08467740565538406,-0.06396433711051941,-0.07176195830106735,-0.061944324523210526,-0.03399810194969177,-0.05256754532456398,-0.04073784500360489,-0.07976333796977997,-0.03744777292013168,-0.06593208760023117,-0.06992681324481964,-0.047834280878305435,0.01764783449470997
-0.004111637361347675,-0.03363727033138275,-0.019772836938500404,-0.024024082347750664,-0.03694465011358261,-0.030964959412813187,-0.01567261293530464,-0.024620264768600464,-0.015495183877646923,-0.007059353869408369,-0.01145293191075325,-0.054543737322092056,-0.006786424666643143,-0.0265194159001112,-0.015175899490714073,-0.07053515315055847,-0.016909558326005936,-0.04943813756108284,-0.038714449852705,-0.019057581201195717,-0.046503614634275436,-0.040109794586896896,-0.02879844792187214,-0.01419737096875906,-0.08217311650514603,0.0015711769228801131,-0.034944552928209305,-0.03349429368972778,-0.028360359370708466,0.01309841126203537,-0.0264324638992548,-0.04871094226837158
-0.007678871974349022,-0.005990734323859215,-0.031652502715587616,-0.015926409512758255,-0.0468602180480957,-0.04520166665315628,-0.08287952840328217,-0.030283408239483833,-0.01986660435795784,-0.05669330060482025,-0.02056761272251606,-0.04490979015827179,-0.03632000833749771,-0.04630673676729202,-0.07372213155031204,-0.07414095103740692,-0.061585865914821625,-0.061123963445425034,-0.04000627249479294,-0.015599680133163929,-0.04881775751709938,-0.07031680643558502,-0.038978707045316696,-0.03907784819602966,-0.03445326164364815,-0.021833034232258797,-0.0238657146692276,-0.03535697981715202,-0.05334733426570892,-0.05417969822883606,-0.07818726450204849,-0.056995321065187454
-0.009743931703269482,0.005190541967749596,0.020220642909407616,-0.023480931296944618,-0.00033748894929885864,0.06021754816174507,0.11184418946504593,0.008249888196587563,0.005023003555834293,0.019646570086479187,0.05752940848469734,0.025727273896336555,0.05911707133054733,0.09070425480604172,0.04954652488231659,0.002106978092342615,-0.014808183535933495,0.02884494513273239,0.04135667905211449,0.08020420372486115,0.06594621390104294,0.10819847136735916,-0.005624896381050348,-0.011088220402598381,-0.0077637676149606705,0.036869291216135025,0.005101866088807583,-0.0012902106391265988,0.041334718465805054,0.029087582603096962,0.08048393577337265,0.05132010206580162
-0.03282177820801735,-0.018476305529475212,-0.028244193643331528,-0.10464660078287125,-0.004975367337465286,0.004894656594842672,-0.10506003350019455,-0.052297160029411316,-0.03051108866930008,-0.06754845380783081,-0.04453345388174057,-0.018973371013998985,0.016110718250274658,0.005240939557552338,-0.00022459588944911957,-0.057098306715488434,-0.03958087041974068,-0.03712817654013634,-0.01304527185857296,-0.05047467723488808,-0.024463767185807228,-0.029669973999261856,-0.029243191704154015,-0.04156387597322464,-0.019989999011158943,-0.07572700083255768,-0.03026355244219303,0.015378100797533989,-0.07753732055425644,0.0022724156733602285,-0.014246907085180283,-0.00027242861688137054
-0.01434379629790783,-0.0316372811794281,-0.02280612848699093,-0.056813567876815796,0.01193365640938282,0.010297439061105251,0.02284787967801094,-0.03698638826608658,-0.031854938715696335,-0.07172540575265884,-0.012244489043951035,-0.038082972168922424,0.05279859900474548,-0.04408244788646698,-0.04038625955581665,-0.03537644073367119,-0.032561395317316055,-0.09575623273849487,0.0010221055708825588,-0.06681361794471741,0.001460063154809177,0.048565205186605453,-0.05047745257616043,-0.035217273980379105,-0.02489648200571537,-0.06778991967439651,-0.008344425819814205,-0.005301439668983221,-0.06999170035123825,-0.028086980804800987,-0.0029953911434859037,-0.02526060678064823
-0.0011856530327349901,-0.06450898945331573,-0.04963338375091553,-0.03290426358580589,-0.005870301276445389,-0.02146642841398716,-0.07383708655834198,-0.030981427058577538,-0.04699381813406944,-0.023478379473090172,-0.014583611860871315,-0.059935878962278366,-0.02531816065311432,-0.04391482099890709,-0.06887392699718475,-0.0541609525680542,-0.031163150444626808,-0.07871133089065552,-0.026281924918293953,-0.03328881040215492,-0.02611139416694641,-0.025355232879519463,-0.05083546042442322,-0.03681427240371704,-0.0485658161342144,-0.0708068460226059,-0.030129438266158104,-0.015244022943079472,-0.08029089868068695,-0.0700281411409378,-0.04858270660042763,-0.03664064407348633
